1 17.0269 9.70948 4 0.0399137 0.59714 -0.0534303 -0.79936
2 17.2447 9.30635 4 0.408129 0.437721 -0.546341 -0.585954
3 17.4529 8.89814 4 0.592892 0.0815424 -0.793672 -0.109156
4 17.6513 8.48508 4 0.511148 -0.311283 -0.684247 0.416698
5 17.8397 8.0674 4 0.199645 -0.564191 -0.267253 0.755252
6 18.0182 7.64534 4 -0.201595 -0.563497 0.269864 0.754323
7 18.1865 7.21914 4 -0.512217 -0.309521 0.685678 0.414339
8 18.3445 6.78905 4 -0.592608 0.0835792 0.793292 -0.111883
9 18.4923 6.35531 4 -0.406636 0.439109 0.544342 -0.587811
10 18.6297 5.91817 4 -0.0378798 0.597273 0.0507077 -0.799537
11 18.7566 5.47787 4 0.347896 0.486968 -0.46571 -0.651878
12 18.873 5.03467 4 0.5773 0.157781 -0.7728 -0.211213
13 18.9788 4.58882 4 0.547215 -0.242334 -0.732527 0.3244
14 19.0739 4.14057 4 0.271161 -0.533518 -0.362988 0.714192
15 19.1583 3.69018 4 -0.126786 -0.584889 0.169722 0.782959
16 19.2319 3.2379 4 -0.46773 -0.373361 0.626125 0.499798
17 19.2947 2.784 4 -0.598443 0.00600468 0.801103 -0.00803814
18 19.3466 2.32873 4 -0.460156 0.382657 0.615986 -0.512242
19 19.3877 1.87235 4 -0.115024 0.587315 0.153977 -0.786207
20 19.4178 1.41512 4 0.281803 0.527974 -0.377235 -0.70677
21 19.4371 0.957294 4 0.551965 0.231309 -0.738886 -0.309642
22 19.4454 0.499145 4 0.574021 -0.16932 -0.768411 0.226659
23 19.4427 0.0407377 4 -0.597955 0.0248762 0.800451 -0.0333004
24 19.4292 -0.417287 4 -0.447849 0.39699 0.599511 -0.531429
25 19.4047 -0.874858 4 -0.0964481 0.59065 0.12911 -0.790671
26 19.3693 -1.33171 4 0.298319 0.518821 -0.399344 -0.694518
27 19.323 -1.7876 4 0.558986 0.213786 -0.748284 -0.286183
28 19.2658 -2.24224 4 0.568394 -0.187344 -0.760878 0.250787
29 19.1979 -2.6954 4 0.322303 -0.504272 -0.43145 0.675042
30 19.1191 -3.1468 4 -0.0686464 -0.594523 0.0918933 0.795856
31 19.0295 -3.59619 4 -0.428754 -0.41754 0.57395 0.558938
32 18.9293 -4.04332 4 -0.596132 -0.0528778 0.79801 0.0707847
33 18.8184 -4.48793 4 -0.495552 0.335556 0.663369 -0.449191
34 18.697 -4.92977 4 -0.17223 0.573155 0.230555 -0.767251
35 18.565 -5.36858 4 0.228514 0.553128 -0.3059 -0.740443
36 18.4226 -5.80412 4 0.526537 0.284479 -0.704847 -0.380816
37 18.2699 -6.23614 4 0.587892 -0.112038 -0.786979 0.14998
38 18.1069 -6.66439 4 0.385001 -0.458196 -0.51538 0.613363
39 17.9337 -7.08863 4 0.0090594 -0.598404 -0.0121274 0.801051
40 17.7504 -7.50861 4 -0.370961 -0.469635 0.496586 0.628676
41 17.5572 -7.9241 4 -0.584233 -0.129775 0.782081 0.173722
42 17.3541 -8.33486 4 -0.534897 0.26843 0.716038 -0.359332
43 17.1413 -8.74066 4 -0.245129 0.545968 0.32814 -0.730859
44 16.9188 -9.14127 4 0.154836 0.578096 -0.207271 -0.773866
45 16.6869 -9.53645 4 0.485188 0.350374 -0.649496 -0.469026
46 16.4456 -9.92599 4 0.597457 -0.0348577 -0.799783 0.0466622
47 16.195 -10.3097 4 0.44117 -0.4044 -0.59057 0.541348
48 15.9354 -10.6872 4 0.0865851 -0.592176 -0.115907 0.792714
49 15.6668 -11.0585 4 -0.306918 -0.513781 0.410854 0.687771
50 15.3895 -11.4233 4 -0.562464 -0.20446 0.75294 0.2737
