num_cameras num_3d_landmarks num_observations
10 300 1084
0 0 680.4 316.8
1 0 688.8 316.8
2 0 697.2 316.8
0 1 47.52 338.4
1 1 61.92 336.96
2 1 76.32 335.52
3 1 89.28 334.08
0 2 861.12 280.8
1 2 876.96 280.8
2 2 892.8 280.8
3 2 908.64 280.8
0 3 563.328 340.416
1 3 563.328 340.416
2 3 563.328 340.416
0 4 819.072 257.126
1 4 833.587 257.126
3 4 862.618 257.126
2 4 848.103 257.126
0 5 423.014 427.991
1 5 413.061 425.503
2 5 403.108 425.503
3 5 393.155 425.503
0 6 859.964 265.753
1 6 874.894 265.753
3 6 907.739 265.753
0 7 740.524 217.977
1 7 752.468 214.991
2 7 764.412 214.991
3 7 777.55 214.991
0 8 334.43 424.01
1 8 325.472 421.024
3 8 306.063 420.526
4 8 298.598 418.038
5 8 291.134 415.55
0 9 562.56 340.402
1 9 562.56 340.402
4 9 566.143 343.985
5 9 566.143 343.985
6 9 566.143 343.985
7 9 566.143 343.985
8 9 566.143 343.985
0 10 533.894 369.068
1 10 533.894 369.068
2 10 533.894 369.068
4 10 533.894 369.068
0 11 808 312
2 11 833 313
7 11 899 316
0 12 46.8 338.4
2 12 75.6 336
4 12 101 334
5 12 114 333
1 12 61.2 337.2
6 12 126 332
7 12 138 330
0 13 581.76 217.44
2 13 583.2 217.44
9 13 586.08 216
4 13 584.64 217.44
5 13 584.64 217.44
7 13 586.08 217.44
0 14 860.544 279.936
2 14 891.648 279.936
1 14 875.059 279.936
3 14 908.237 279.936
0 15 759.635 218.574
2 15 784.717 218.574
1 15 770.384 218.574
3 15 795.466 218.574
0 16 333.236 426.399
2 16 315.32 422.815
9 16 262.767 412.066
0 17 537.12 368.64
4 17 535.68 368.64
5 17 535.68 368.64
6 17 535.68 368.64
7 17 535.68 368.64
2 17 535.68 368.64
3 17 535.68 368.64
0 18 828 156.96
7 18 940.032 141.696
5 18 903.744 146.88
1 19 879 246
2 19 895 245
3 19 912 245
4 19 929 244
6 19 966 243
1 20 341 211
2 20 344 211
7 20 360 214
8 20 363 214
1 21 878 261
2 21 894 261
3 21 911 261
4 21 928 260
6 21 964 260
7 21 982.8 259.2
1 22 883 178
2 22 900 177
3 22 917 175
1 23 575 245
2 23 576 245
4 23 577 244
6 23 578 244
1 24 544 168
2 24 544 168
3 24 544 168
1 25 379 444
2 25 369 443
3 25 359 442
1 26 877.2 282
2 26 892.8 282
3 26 909.6 282
4 26 926.4 282
1 27 396 304.8
2 27 399.6 304.8
4 27 405.6 304.8
1 28 345.6 438
2 28 336 436.8
4 28 318 434.4
1 29 446.4 433.44
2 29 436.32 433.44
8 29 380.16 429.12
9 29 371.52 427.68
1 30 876.96 267.84
2 30 892.8 267.84
3 30 910.08 267.84
1 31 887.04 168.48
2 31 902.88 167.04
3 31 921.6 165.6
5 31 957.6 161.28
1 32 73.44 237.6
2 32 87.84 239.04
3 32 100.8 239.04
1 33 879.84 201.6
2 33 895.68 200.16
3 33 912.96 198.72
1 34 351.36 436.32
2 34 341.28 434.88
8 34 290.88 426.24
1 35 834.624 271.296
2 35 848.448 271.296
5 35 895.104 271.296
1 36 511.488 124.416
2 36 511.488 124.416
3 36 511.488 124.416
1 37 839.808 174.528
2 37 855.36 172.8
3 37 869.184 171.072
1 38 844.992 179.712
2 38 858.816 177.984
3 38 874.368 176.256
4 38 889.92 174.528
1 39 867.456 293.76
2 39 883.008 293.76
3 39 898.56 293.76
1 40 53.568 288.576
2 40 67.392 288.576
3 40 81.216 288.576
4 40 95.04 288.576
5 40 107.136 288.576
8 40 143.424 286.848
1 41 402.624 437.184
2 41 392.256 437.184
3 41 381.888 435.456
5 41 362.88 433.728
1 42 525.312 323.136
2 42 525.312 323.136
3 42 525.312 323.136
4 42 525.312 323.136
5 42 525.312 323.136
1 43 510.106 124.416
2 43 510.106 124.416
3 43 510.106 124.416
1 44 526.694 321.408
2 44 526.694 321.408
3 44 526.694 321.408
4 44 526.694 321.408
1 45 564.849 340.9
2 45 564.849 340.9
4 45 564.849 340.9
5 45 564.849 340.9
3 45 564.849 340.9
6 45 564.849 340.9
7 45 564.849 340.9
1 46 582.267 223.949
2 46 582.267 223.949
3 46 584.755 223.949
4 46 584.755 223.949
5 46 584.755 223.949
1 47 714.148 338.412
2 47 716.636 338.412
3 47 719.125 338.412
1 48 587.244 233.902
2 48 589.732 233.902
3 48 589.732 233.902
7 48 592.22 231.414
1 49 450.386 440.433
2 49 440.433 440.433
4 49 420.526 440.433
3 49 430.479 440.433
1 50 584.755 209.019
2 50 584.755 209.019
4 50 587.244 209.019
1 51 379.817 447.898
2 51 369.068 447.898
4 51 351.152 444.315
8 51 315.32 440.731
1 52 523.145 365.485
2 52 523.145 365.485
6 52 523.145 365.485
1 53 555.393 340.402
2 53 555.393 340.402
3 53 555.393 340.402
4 53 555.393 340.402
5 53 555.393 340.402
1 54 885.6 308.4
3 54 915.6 309.6
5 54 948 310.8
1 55 842.4 195.84
3 55 872.64 192.96
5 55 905.76 172.8
1 56 591.84 230.4
3 56 593.28 230.4
8 56 597.6 228.96
9 56 597.6 228.96
1 57 845.28 155.52
3 57 876.096 150.336
4 57 891.648 148.608
1 58 581.76 217.44
3 58 583.2 217.44
6 58 584.64 216
1 59 584.064 226.368
3 59 585.792 226.368
4 59 587.52 226.368
5 59 587.52 226.368
6 59 587.52 226.368
7 59 589.248 226.368
2 59 585.792 226.368
1 60 877.824 267.84
3 60 910.656 267.84
2 60 893.376 267.84
1 61 77.76 330.048
3 61 103.68 328.32
4 61 116.122 327.629
5 61 129.6 326.592
2 61 89.856 330.048
1 62 331.776 416.794
3 62 313.114 414.72
4 62 304.819 412.646
1 63 508.032 367.027
3 63 505.958 367.027
4 63 505.958 367.027
1 64 76.7232 331.776
3 64 103.68 329.702
5 64 128.563 327.629
8 64 823.219 315.187
1 65 580.608 215.654
3 65 582.682 215.654
4 65 582.682 215.654
5 65 582.682 215.654
6 65 584.755 215.654
8 65 584.755 215.654
2 65 580.608 215.654
7 65 584.755 215.654
1 66 751.473 216.484
3 66 773.37 214.991
4 66 785.314 214.991
1 67 480.246 343.388
3 67 479.002 344.218
2 67 479.002 344.218
1 68 561.365 483.73
3 68 555.393 480.146
6 68 558.976 480.146
1 69 580.475 225.74
3 69 580.475 225.74
2 69 580.475 225.74
1 70 585.6 226.8
4 70 586.08 226.08
5 70 587.52 226.08
6 70 587.52 226.08
7 70 588.96 226.08
1 71 808.704 513.216
4 71 762.048 521.856
6 71 727.488 527.04
1 72 821 312
6 72 885 315
4 72 858 314
5 72 871 314
1 73 419.232 132.578
6 73 433.565 132.578
5 73 429.982 132.578
1 74 338 414
7 74 357 424
5 74 375 426
2 75 550 176
3 75 550 176
4 75 550 176
5 75 550 176
2 76 903 167
3 76 920 165
4 76 938 163
5 76 956 161
2 77 582 231
3 77 583 231
4 77 584 231
2 78 552 175
3 78 552 175
5 78 552 174
2 79 294 424
3 79 286 423
4 79 278 421
5 79 271 420
2 80 899 183
3 80 916 181
4 80 933 180
5 80 952 178
2 81 208 233
3 81 223 233
4 81 237 233
2 82 893 270
3 82 909 270
4 82 927 270
2 83 882 284.4
3 83 897.6 284.4
4 83 914.4 284.4
2 84 880.8 295.2
3 84 897.6 295.2
4 84 913.2 295.2
2 85 364.8 436.8
3 85 355.2 435.6
4 85 345.6 434.4
2 86 417.6 153.6
3 86 420 154.8
5 86 426 156
2 87 298.8 423.6
3 87 290.4 422.4
5 87 274.8 418.8
6 87 267.6 417.6
2 88 239.04 439.2
3 88 232.8 438
4 88 228 436.8
5 88 222 433.2
2 89 898.56 191.52
3 89 914.4 190.08
4 89 933.12 188.64
2 90 550.08 351.36
3 90 550.08 351.36
4 90 550.08 351.36
5 90 550.08 351.36
6 90 550.08 351.36
2 91 851.04 207.36
3 91 865.44 205.92
4 91 881.28 204.48
2 92 896.832 200.448
3 92 914.112 198.72
4 92 931.392 196.992
2 93 502.848 371.52
3 93 502.848 371.52
6 93 501.12 371.52
8 93 499.68 371.52
2 94 255.744 203.904
3 94 267.84 205.632
4 94 281.664 205.632
2 95 552.96 345.6
3 95 552.96 345.6
4 95 552.96 345.6
2 96 437.184 433.728
3 96 426.816 433.728
4 96 418.176 433.728
2 97 665.626 298.598
3 97 675.994 298.598
5 97 694.656 298.598
2 98 66.3552 290.304
3 98 80.8704 290.304
4 98 93.312 288.23
6 98 118.195 288.23
7 98 130.637 288.23
5 98 105.754 288.23
8 98 143.078 288.23
2 99 836.076 296.11
3 99 851.006 296.11
4 99 865.936 296.11
2 100 293.821 440.731
3 100 286.655 440.731
4 100 279.488 437.148
2 101 322.486 415.649
3 101 315.32 415.649
6 101 290.238 412.066
5 101 297.404 412.066
2 102 501.645 369.068
3 102 501.645 369.068
5 102 501.645 369.068
6 102 501.645 369.068
8 102 498.062 369.068
4 102 501.645 369.068
2 103 829 310
4 103 855 311
5 103 869 312
7 103 897 313
8 103 911 314
2 104 404 428
4 104 385 427
6 104 366 425
2 105 542 168
4 105 542 168
3 105 542 168
5 105 542 168
6 105 542 168
7 105 542 168
8 105 542 168
2 106 898.8 168
4 106 933.6 164.4
5 106 951.6 162
6 106 970.8 159.6
2 107 898.56 203.904
4 107 933.12 200.448
3 107 915.84 202.176
2 108 395.712 432
4 108 376.704 430.272
7 108 349.056 426.816
2 109 582.682 223.949
4 109 584.755 223.949
5 109 584.755 223.949
7 109 586.829 223.949
2 110 885.427 491.443
4 110 864.691 499.738
3 110 875.059 495.59
2 111 89.1648 248.832
4 111 116.122 248.832
8 111 165.888 250.906
2 112 423.014 131.881
4 112 427.162 132.71
3 112 425.088 132.71
2 113 223.949 188.117
4 113 250.823 191.103
6 113 277.697 194.089
7 113 292.627 194.089
2 114 564.351 340.402
4 114 564.351 340.402
6 114 564.351 340.402
7 114 564.351 340.402
3 114 564.351 340.402
5 114 564.351 340.402
2 115 222.157 189.909
4 115 250.823 193.492
5 115 265.155 193.492
3 115 236.49 189.909
8 115 304.57 197.075
2 116 562.56 476.563
4 116 561.365 480.744
8 116 544.644 480.146
2 117 396 433
5 117 367 430
6 117 358 429
7 117 349 428
3 117 386 432
9 117 332 425
2 118 903.6 166.8
5 118 956.4 160.8
6 118 975.6 158.4
2 119 328.8 412.8
5 119 302.4 408
6 119 366 424.8
2 120 796 514
7 120 712 528
5 120 748 523
2 121 892.8 261.6
7 121 936 233.28
8 121 950.4 231.84
2 122 852.25 145.152
7 122 935.194 132.71
3 122 866.765 143.078
8 122 953.856 128.563
2 123 418 153
9 123 438 157
4 123 424 155
3 124 672 306
4 124 682 305
5 124 692 306
3 125 610 243
4 125 611 243
9 125 615.6 242.4
5 125 612 242
8 125 614.4 242.4
3 126 267 203
4 126 280 204
5 126 293 204
6 126 306 205
3 127 613 252
4 127 614 252
5 127 615 252
6 127 616 252
3 128 328 437
4 128 319 436
6 128 302 433
3 129 599 269
4 129 600 269
5 129 601 269
3 130 421 154
4 130 424 155
5 130 427 155
3 131 873 151
4 131 889 149
8 131 957 139
3 132 347 207
4 132 350 208
6 132 357 208
3 133 543.6 163.2
4 133 543.6 163.2
5 133 543.6 163.2
6 133 543.6 163.2
3 134 915.6 181.2
4 134 932.4 180
5 134 951.6 177.6
3 135 386.4 354
4 135 388.8 354
5 135 391.2 354
3 136 553.2 346.8
4 136 553.2 346.8
5 136 553.2 346.8
3 137 393.6 427.2
4 137 384 426
5 137 374.4 424.8
3 138 534 151.2
4 138 534 151.2
5 138 534 151.2
6 138 534 151.2
3 139 350.4 420
4 139 340.8 418.8
6 139 324 416.4
5 139 332.4 417.6
7 139 315.6 415.2
8 139 307.2 414
3 140 236.4 188.4
4 140 249.6 189.6
5 140 262.8 189.6
3 141 325.44 432
4 141 316.8 430.56
5 141 308.16 429.12
7 141 292.32 426.24
3 142 332.64 434.88
4 142 324 433.44
6 142 306.72 430.56
3 143 869.76 192.96
4 143 885.6 191.52
5 143 902.88 172.8
3 144 508.032 366.336
4 144 506.304 366.336
5 144 506.304 366.336
3 145 782.784 513.216
4 145 767.232 516.672
6 145 732.672 521.856
3 146 57.024 300.672
4 146 70.848 300.672
8 146 123.84 298.08
9 146 135.36 298.08
3 147 775.872 176.256
4 147 789.696 174.528
5 147 803.52 172.8
3 148 326.592 433.728
4 148 317.952 432
6 148 300.672 428.544
3 149 546.048 243.648
4 149 547.776 243.648
5 149 549.504 243.648
6 149 549.504 243.648
3 150 874.368 193.536
4 150 888.192 191.808
7 150 938.304 186.624
6 150 921.024 188.352
3 151 868.839 172.109
4 151 885.427 170.035
5 151 899.943 167.962
6 151 916.531 165.888
7 151 935.194 163.814
3 152 458.266 429.235
4 152 447.898 429.235
5 152 439.603 429.235
3 153 352.512 435.456
4 153 342.144 433.382
6 153 325.555 431.309
9 153 300.672 427.162
8 153 308.966 429.235
3 154 562.36 231.414
4 154 562.36 231.414
7 154 568.167 230.17
3 155 388.178 429.982
4 155 379.22 429.982
7 155 352.346 426.996
3 156 501.645 370.262
4 156 501.645 370.262
5 156 501.645 370.262
7 156 501.645 370.262
8 156 498.659 370.262
3 157 867.13 171.993
4 157 881.463 171.993
5 157 899.379 168.41
3 158 588 223.2
5 158 589.2 223.2
6 158 590.4 223.2
7 158 590.4 223.2
8 158 591.6 223.2
3 159 872.4 151.2
5 159 904.8 146.4
6 159 921.6 144
8 159 956.4 139.2
3 160 535.2 369.6
5 160 535.2 369.6
6 160 535.2 369.6
8 160 534 369.6
4 160 536.4 369.6
7 160 535.2 369.6
9 160 534 369.6
3 161 324 444.96
5 161 307.2 442.8
6 161 298.8 440.4
7 161 291.6 439.2
8 161 284.4 438
9 161 277.2 435.6
3 162 609.12 241.92
5 162 612 241.92
7 162 613.44 241.92
3 163 434.88 442.08
5 163 416.16 440.64
7 163 397.44 439.2
3 164 79.6263 288.645
5 164 104.509 288.645
6 164 116.951 288.645
8 164 141.834 288.645
4 164 92.0679 288.645
7 164 129.393 288.645
3 165 512.594 114.463
5 165 510.106 114.463
6 165 510.106 114.463
7 165 510.106 114.463
8 165 510.106 114.463
3 166 588.239 232.907
5 166 591.225 232.907
6 166 591.225 232.907
4 166 591.225 232.907
9 166 594.211 232.907
3 167 231 219
6 167 272 221
5 167 259 220
3 168 520 313
6 168 519 313
4 168 520 313
3 169 572 249
6 169 573 249
5 169 573 249
3 170 253.44 440.64
6 170 234.72 434.88
8 170 224.64 430.56
3 171 875.889 495.176
6 171 843.541 505.129
5 171 851.006 502.641
3 172 125.411 232.907
6 172 167.215 235.893
7 172 179.159 235.893
3 173 82.08 288
7 173 132.48 286.56
8 173 144 286.56
4 173 95.04 288
3 174 775.526 221.875
7 174 826.122 218.972
5 174 798.751 221.461
9 174 853.494 216.484
4 175 458 257
5 175 469 257
7 175 490 257
6 175 480 257
9 175 512 257
4 176 789 174
5 176 804 173
6 176 817 171
4 177 585 218
5 177 586 218
6 177 586 218
4 178 521 311
5 178 521 311
7 178 520 311
4 179 750 357
5 179 751 358
7 179 753 360
6 179 752 359
4 180 250 193
5 180 263 193
8 180 303 196
4 181 544 163
5 181 544 163
6 181 544 163
7 181 544 163
4 182 599 273
5 182 600 273
6 182 601 273
4 183 547 352
5 183 547 352
6 183 547 352
7 183 547 352
4 184 272 352
5 184 268 351
6 184 264 350
7 184 259 349
4 185 584.4 217.2
5 185 584.4 217.2
6 185 585.6 217.2
4 186 543.6 168
5 186 543.6 168
6 186 543.6 168
4 187 453.6 212.4
5 187 464.4 212.4
6 187 475.2 212.4
4 188 340.8 430.8
5 188 332.4 429.6
6 188 324 428.4
4 189 914.4 285.12
5 189 931.68 285.12
7 189 969.408 285.12
4 190 113.76 239.04
5 190 126.72 240.48
6 190 139.68 240.48
4 191 930.24 213.12
5 191 947.52 211.68
6 191 966.24 210.24
4 192 779.04 375.84
5 192 780.48 377.28
6 192 781.92 378.72
8 192 784.8 381.6
7 192 783.36 380.16
9 192 786.24 383.04
4 193 544.32 334.08
5 193 544.32 334.08
7 193 544.32 334.08
4 194 522.72 324
5 194 522.72 324
9 194 521.28 324
4 195 549.504 350.784
5 195 549.504 350.784
6 195 549.504 350.784
4 196 723.687 331.776
5 196 725.76 331.776
6 196 727.834 331.776
4 197 881.28 279.936
5 197 895.795 279.936
6 197 912.384 279.936
4 198 858.471 311.04
5 198 872.986 311.04
6 198 885.427 311.04
4 199 427.991 131.881
5 199 430.479 131.881
6 199 432.968 134.369
4 200 554.896 241.367
5 200 554.896 241.367
6 200 557.384 241.367
4 201 880.866 203.047
5 201 895.795 203.047
6 201 913.711 200.061
4 202 534.491 367.276
5 202 534.491 367.276
6 202 534.491 367.276
7 202 534.491 367.276
4 203 820.549 311.737
5 203 831.298 311.737
6 203 842.048 311.737
4 204 552 175
6 204 552 174
8 204 552 174
4 205 353 298
6 205 355 298
5 205 354 298
4 206 375.6 444
6 206 357.6 441.6
5 206 367.2 442.8
4 207 926.4 276
6 207 962.4 276
7 207 981.6 276
4 208 580.8 214.8
6 208 582 214.8
7 208 583.2 214.8
5 208 582 214.8
8 208 583.2 213.6
9 208 583.2 213.6
4 209 367.027 443.75
6 209 348.365 441.677
8 209 331.776 439.603
4 210 277 429
7 210 256 424
8 210 250 422
4 211 582.267 213.996
7 211 584.755 213.996
5 211 582.267 213.996
8 211 584.755 213.996
9 211 584.755 213.996
4 212 380 421
8 212 344 417
9 212 336 416
4 213 819 307
8 213 812 314
9 213 823 315
5 214 505 246
6 214 513 246
7 214 521 246
5 215 544 167
6 215 544 167
7 215 544 167
5 216 944 270
6 216 963 270
7 216 982 270
5 217 307 443
6 217 299 441
8 217 284 438
5 218 944.4 282
6 218 962.4 282
7 218 981.6 282
5 219 795.6 212.4
6 219 807.6 211.2
7 219 819.6 210
5 220 313.2 436.8
6 220 304.8 435.6
8 220 289.2 432
9 220 282 430.8
5 221 438 309.6
6 221 440.4 309.6
9 221 448.8 309.6
5 222 549.6 295.2
6 222 549.6 295.2
7 222 549.6 295.2
8 222 549.6 295.2
9 222 549.6 295.2
5 223 594.72 336.96
6 223 597.6 336.96
7 223 600.48 336.96
5 224 676.8 239.04
6 224 685.44 237.6
8 224 705.6 237.6
5 225 355.68 443.52
6 225 347.04 442.08
7 225 338.4 440.64
5 226 309.6 432
6 226 300.96 430.56
7 226 293.76 429.12
5 227 897.12 203.04
6 227 914.4 201.6
7 227 931.68 200.16
5 228 335.52 298.08
6 228 336.96 298.08
8 228 338.4 298.08
7 228 336.96 298.08
5 229 127.872 240.192
6 229 139.968 240.192
7 229 152.064 241.92
8 229 164.16 241.92
5 230 544.32 167.616
6 230 544.32 167.616
7 230 544.32 167.616
5 231 490.752 93.312
6 231 490.752 93.312
7 231 490.752 93.312
8 231 489.024 93.312
5 232 293.76 193.536
6 232 305.856 195.264
8 232 330.048 196.992
5 233 407.808 432
6 233 399.168 432
9 233 371.52 428.544
8 233 380.16 430.272
5 234 572.314 199.066
6 234 572.314 199.066
7 234 572.314 199.066
8 234 572.314 199.066
5 235 537.477 358.318
6 235 537.477 358.318
7 235 537.477 358.318
5 236 534.989 368.271
6 236 534.989 368.271
7 236 534.989 368.271
8 236 534.989 368.271
9 236 534.989 368.271
5 237 154.276 236.39
6 237 166.717 236.39
8 237 191.601 238.879
9 237 204.042 238.879
5 238 379.22 435.954
6 238 370.262 435.954
7 238 361.304 435.954
5 239 519.561 367.276
6 239 519.561 367.276
7 239 519.561 367.276
5 240 361.901 440.731
6 240 354.735 440.731
8 240 336.819 437.148
7 240 343.985 437.148
9 240 329.653 433.565
5 241 901 169
7 241 934 183
8 241 952 181
5 242 108 288
7 242 133 287
8 242 145 287
5 243 488.4 350.4
7 243 487.2 350.4
9 243 486 350.4
5 244 540 343.2
7 244 540 343.2
8 244 540 343.2
9 244 540 343.2
5 245 688.32 246.24
7 245 707.04 246.24
9 245 729.216 245.376
5 246 260.64 223.2
7 246 286.56 224.64
6 246 273.6 223.2
5 247 240.48 437.76
7 247 230.4 433.44
9 247 220.8 429.6
5 248 391.68 174.24
7 248 397.44 175.68
8 248 400.32 175.68
5 249 407.52 442.08
7 249 388.8 440.64
8 249 380.16 439.2
9 249 371.52 437.76
5 250 403.2 273.6
7 250 408.96 273.6
6 250 406.08 273.6
8 250 411.84 273.6
5 251 821.146 221.875
7 251 848.103 219.802
9 251 877.133 217.728
5 252 510.603 113.467
7 252 510.603 113.467
8 252 510.603 113.467
9 252 510.603 113.467
5 253 333.504 430.272
8 253 309.312 426.816
6 253 324.864 428.544
9 253 300.672 425.088
5 254 588.902 217.728
8 254 590.976 217.728
6 254 588.902 217.728
6 255 589 226
7 255 590 226
8 255 590 226
9 255 591 226
6 256 319 299
7 256 320 299
8 256 321 299
6 257 333 288
7 257 334 288
8 257 335 288
6 258 550 296
7 258 550 296
9 258 550 296
8 258 550 296
6 259 435.6 231.6
7 259 446.4 231.6
8 259 457.2 231.6
6 260 429.6 156
7 260 432 157.2
8 260 434.4 157.2
6 261 399.6 350.4
7 261 402 350.4
8 261 404.4 350.4
6 262 918.72 188.64
7 262 936 187.2
8 262 956.16 184.32
6 263 542.88 162.72
7 263 542.88 162.72
9 263 542.88 162.72
6 264 550.08 295.2
7 264 550.08 295.2
8 264 550.08 295.2
9 264 550.08 295.2
6 265 300.672 438.912
7 265 293.76 437.184
8 265 286.848 435.456
6 266 753.408 361.152
7 266 755.136 361.152
8 266 755.136 362.88
6 267 597.888 226.368
7 267 597.888 226.368
8 267 599.616 226.368
6 268 470.707 87.0912
7 268 470.707 87.0912
8 268 470.707 87.0912
6 269 495.59 103.68
7 269 493.517 103.68
8 269 493.517 103.68
9 269 493.517 103.68
6 270 97.0445 298.598
7 270 109.486 298.598
9 270 131.881 298.598
6 271 599.685 226.437
7 271 599.685 226.437
8 271 599.685 226.437
9 271 599.685 223.949
6 272 587.244 206.531
7 272 587.244 206.531
8 272 589.732 206.531
9 272 589.732 206.531
6 273 438.94 334.43
7 273 441.926 334.43
8 273 444.912 334.43
6 274 584.059 222.157
7 274 584.059 222.157
8 274 584.059 222.157
6 275 591.225 232.907
7 275 591.225 232.907
8 275 591.225 232.907
6 276 576.892 200.658
7 276 576.892 200.658
8 276 576.892 200.658
6 277 589.2 225.6
8 277 590.4 225.6
9 277 590.4 225.6
7 277 589.2 225.6
6 278 356.659 441.677
8 278 340.07 439.603
7 278 348.365 439.603
6 279 139.2 241.2
9 279 175.2 242.4
8 279 163.2 242.4
6 280 357.6 428.4
9 280 332.4 424.8
8 280 340.8 426
6 281 598.391 214.991
9 281 601.975 218.574
7 281 601.975 218.574
8 281 601.975 218.574
7 282 425 431
8 282 416 430
9 282 407 429
7 283 455 428
8 283 446 427
9 283 438 427
7 284 256.8 416.4
8 284 250.8 415.2
9 284 244.8 412.8
7 285 489.6 256.8
8 285 500.4 256.8
9 285 511.2 256.8
7 286 352.8 288
8 286 354 288
9 286 355.2 288
7 287 441.6 228
8 287 452.4 228
9 287 463.2 228
7 288 853.632 212.544
8 288 869.184 210.816
9 288 884.736 210.816
7 289 179.712 238.464
8 289 191.808 238.464
9 289 203.904 240.192
7 290 599.616 336.96
8 290 603.072 336.96
9 290 606.528 336.96
7 291 854.323 298.598
8 291 869.184 298.944
9 291 883.354 298.598
7 292 499.738 371.174
8 292 499.738 371.174
9 292 499.738 371.174
7 293 569.825 228.925
8 293 569.825 228.925
9 293 572.314 228.925
7 294 841.052 174.182
8 294 855.982 174.182
9 294 870.912 171.694
7 295 855.982 296.11
8 295 868.424 296.11
9 295 883.354 296.11
7 296 709.171 251.32
8 296 719.125 251.32
9 296 729.078 251.32
7 297 313.528 444.912
8 297 304.57 444.912
9 297 295.612 444.912
7 298 513.589 122.425
8 298 513.589 122.425
9 298 513.589 122.425
7 299 237 412
9 299 227 409
8 299 232 411
0 0 0 0 0 0 1
-0.458199 0.0134333 0.0175014 0.000342622 0.0117145 0.00113658 0.999931
-0.91592 0.0144239 0.0339519 0.00045776 0.0234132 0.00226077 0.999723
-1.36685 0.0156018 0.0617365 0.000575548 0.0350699 0.0033241 0.999379
-1.81336 0.0161751 0.102184 0.000744063 0.0465815 0.00437636 0.998905
-2.24973 0.0154667 0.159349 0.000871979 0.0578699 0.0055667 0.998308
-2.6944 0.0125619 0.219146 0.000896686 0.0694333 0.00643028 0.997565
-3.1323 0.00815051 0.282119 0.000933441 0.0809099 0.00732485 0.996694
-3.56119 0.00448243 0.356306 0.00103801 0.0920523 0.00848753 0.995717
-3.99827 -0.00384593 0.440864 0.00108922 0.103515 0.00950399 0.994582
-15.1097 0.287118 45.9392
27.4303 -1.08663 30.2367
-59.7211 6.70562 87.5837
-2.57889 -1.02577 25.7245
-49.2741 10.089 82.1577
1.79217 -2.17494 10.3117
-59.0732 9.20948 86.9213
-31.8946 14.2391 71.4586
3.51609 -2.05952 10.1382
-2.54003 -1.02498 25.722
-0.815229 -1.82704 19.0644
-30.2444 0.817416 52.3146
27.3226 -1.08069 30.0713
-2.68615 3.94913 19.7148
-59.5087 6.84032 87.4164
-35.527 14.5511 73.4542
3.54068 -2.10738 10.1409
-0.939375 -1.81892 19.1465
-49.6469 25.6153 80.4405
-59.9522 12.2157 87.2316
7.32235 4.65757 21.6484
-59.8951 9.72176 87.3967
-59.9036 23.3161 86.1765
-2.41484 2.86361 19.6534
-1.20179 5.55519 18.7612
2.45795 -2.47694 10.2304
-59.95 6.21708 87.6815
5.33701 0.698708 23.0823
3.12048 -2.34991 10.1931
1.14559 -2.32789 10.5312
-59.5761 8.55334 87.1826
-69.8777 28.7392 99.5276
29.2994 5.50321 33.172
-59.3582 19.4074 86.1414
3.00448 -2.31614 10.1942
-49.6132 7.55019 82.2119
-0.0348643 6.86478 17.9834
-49.675 22.4979 80.9383
-50.3544 21.6342 80.753
-70.9244 5.162 106.758
27.3798 1.9157 29.6856
1.99245 -2.34986 10.2793
-0.505987 -0.11476 18.7574
0.0131619 6.8581 17.9645
-0.556763 -0.0516942 18.7714
-2.50243 -1.05688 25.7302
-2.72053 3.71061 19.8888
-10.7853 -1.03038 28.0871
-2.91323 3.3265 19.9017
1.06882 -2.48035 10.5676
-2.80168 4.25834 19.7533
2.44324 -2.55658 10.2361
-0.422997 -1.67333 18.8578
-1.64592 -0.776307 19.4541
-42.8139 1.23311 61.012
-50.0877 19.1847 80.9727
-3.10218 3.47576 19.9874
-50.2069 25.29 80.4323
-2.68184 3.9279 19.7145
-2.79866 3.6305 19.9657
-59.8183 8.56706 87.3294
29.0517 -0.607981 33.2013
3.38004 -1.91616 10.1437
0.124082 -1.70259 18.5613
28.9366 -0.717551 32.9932
-2.63467 3.99071 19.685
-31.8571 14.1694 71.4017
1.14754 -0.853829 18.7575
-1.08963 -2.7895 8.77394
-2.67508 3.68117 20.1047
-2.85227 3.60459 19.9172
-4.80384 -2.9566 7.94872
-30.3362 0.713547 52.2501
4.24666 8.46112 23.0121
3.25532 -1.86048 10.1454
-1.45409 5.28762 18.9102
-69.9611 28.3644 99.6481
-2.72346 3.45636 20.1087
-1.52881 5.33358 18.9476
4.00262 -2.0859 10.2109
-60.0591 21.9683 86.2845
99.3984 26.9798 152.478
-59.8514 7.91821 87.4584
-70.7622 6.78224 106.848
-70.7901 4.62026 107.264
2.54628 -2.33791 10.2153
4.41463 7.56291 23.0401
3.89322 -2.07302 10.1901
5.35636 -2.4841 10.5567
-59.9744 20.5789 86.2696
-1.44083 -1.18964 19.3757
-49.5599 17.096 81.4295
-59.6814 19.1249 86.2471
0.287093 -1.85784 18.4692
63.5056 26.9534 115.21
-1.5508 -0.973932 19.3984
1.13632 -2.33955 10.5382
-16.3666 2.43359 61.875
27.4245 1.90616 29.6808
-49.6093 3.58754 85.5538
4.0261 -2.43474 10.2482
3.38453 -1.90136 10.1454
0.328397 -1.76682 18.443
-33.5592 0.922801 58.7232
1.77684 -2.18158 10.3355
-1.15933 5.53208 18.7239
-59.6708 24.2596 85.7504
-60.1682 18.6264 86.5638
1.93551 -2.25413 10.291
-2.73548 3.69926 19.9377
-6.77843 -2.90699 8.93434
29.1308 4.91018 33.1594
4.1106 8.45582 22.8067
67.9524 29.4061 110.293
-2.32717 -1.03803 25.721
69.1354 29.34 111.524
-1.37223 -2.76277 9.10802
1.93158 -2.27589 10.2978
-70.0698 28.3998 99.6475
3.25478 -1.84346 10.1451
-4.81668 -2.9348 7.93867
-59.5792 9.26699 87.094
-50.1742 26.9053 82.0887
4.40111 7.59677 23.0614
-16.8896 1.57792 65.5076
-3.82037 3.00013 20.4264
63.7954 27.5635 115.165
-3.9477 2.65757 20.529
3.11862 -2.35207 10.1992
-3.36765 1.96633 20.2499
4.35962 7.59203 23.0732
-50.1238 24.911 80.4335
7.26677 4.92732 21.6455
-1.24553 5.69603 18.7341
-60.0592 21.6693 86.1502
5.87168 -1.49258 22.5701
-1.55643 -1.02263 19.4204
1.79602 -2.16942 10.3309
-0.90473 6.07267 18.5203
2.64351 -1.99996 10.187
67.9054 29.7348 109.937
3.16685 -2.24832 10.1887
3.02062 -2.3077 10.1979
-50.0045 18.7827 81.068
0.0900752 -1.68161 18.5801
-4.83298 -2.89324 7.9398
28.9245 1.37046 29.689
-43.6383 26.2196 98.1011
3.14418 -2.2839 10.1914
-1.21768 7.94325 53.8432
-50.5897 18.6498 80.9377
-49.8447 21.9161 80.993
0.540221 -2.29586 10.7757
2.61284 -2.31954 10.215
-1.993 3.69712 21.636
1.90118 -2.22158 10.3049
0.31265 -1.81216 18.4595
-49.6396 21.959 81.0624
-2.92267 3.69117 19.8627
-50.0771 24.9037 80.4985
-0.880182 -1.85359 19.1281
3.2078 -2.51744 10.2084
-3.78284 3.03874 20.3964
1.00296 -2.52952 10.5976
27.4147 2.09723 29.6749
-0.17563 7.21244 17.9983
-2.93156 3.32343 19.8908
97.1005 31.9739 153.347
-0.354345 0.250942 18.6408
-2.29249 2.67283 19.5774
4.83022 -2.49554 10.4205
-6.76623 -2.93431 8.941
33.4788 7.4 40.1074
27.3197 2.14014 29.7436
-32.0847 12.9559 71.4956
35.2205 23.1178 185.467
-43.7867 26.1807 98.1417
-2.79975 3.85297 19.7719
-0.40962 0.320395 18.6663
-8.20921 -1.32564 18.1017
68.7723 29.5801 111.614
-1.28863 5.69521 18.7603
-3.34455 1.79246 20.2438
-1.32332 -1.21477 19.3185
4.90149 -0.696233 11.5102
-2.77624 3.87945 19.7487
-1.27257 5.51349 18.7585
24.991 27.5098 129.073
2.67281 -2.23322 10.2114
-70.8611 6.03191 107.065
29.2303 5.89063 33.206
-60.0309 16.1794 86.542
-9.20798 -1.97883 18.2553
-1.23258 -0.539366 19.1989
-0.463552 -0.153285 18.7295
-1.41656 -1.1717 19.3542
-13.4393 -0.996127 37.8639
-50.0417 5.47427 82.0307
-30.2457 0.528068 51.9257
4.05545 8.5392 22.8386
-1.63491 3.27046 21.6266
-49.7788 16.9433 81.5356
-0.860123 -1.76734 19.1084
-25.3454 0.468604 48.9127
-1.57236 5.30338 18.9546
5.73252 0.854069 18.256
1.98034 -2.51966 10.3168
-59.9952 6.35393 87.4462
-2.63736 3.95567 19.6555
2.14327 -2.50502 10.2683
4.06033 -2.21794 10.24
-2.69434 3.99203 19.6922
1.87903 -2.04364 10.3064
-34.2362 1.23986 67.728
4.96899 8.14189 56.3094
-1.31599 5.54165 18.7883
-60.0463 6.97199 87.3066
3.2395 -2.50446 10.2302
-60.2192 5.11085 87.5075
-31.4784 13.5844 70.9225
3.09806 -2.37169 10.2227
4.03106 0.520956 23.8539
-1.44938 0.900173 19.2157
-3.37786 -0.896915 25.782
-15.1195 9.60486 64.5977
2.20034 -2.50709 10.2688
3.17077 -2.27119 10.2137
-49.9058 16.4671 81.3879
6.17112 0.854512 17.7135
29.1203 5.97467 33.2814
-1.3273 5.51913 18.7896
0.426786 7.80538 17.5961
62.8915 30.4682 114.921
1.18214 -2.31704 10.5515
-2.32728 4.4898 19.4425
-0.976693 -1.43889 19.1515
-0.881705 -1.8063 19.128
34.3166 7.71293 41.4908
1.74253 -2.37211 10.3921
-0.337191 -1.74112 18.8299
2.07862 -2.45464 10.2986
-50.1524 21.2912 80.8355
27.2834 2.32427 29.8138
0.707575 -1.07901 18.1934
-1.07626 -0.878297 19.1583
-15.3088 7.97952 59.33
97.0109 31.9623 154.895
4.87143 -2.47086 10.4464
5.69932 6.5941 22.3824
1.19625 -2.53233 10.5678
5.40372 2.17565 22.9342
-35.7266 12.6668 73.3756
-0.206521 7.23709 18.0019
2.65699 -2.23125 10.2278
-2.94694 3.84791 19.8343
-2.94269 3.54027 19.9659
6.48498 0.820421 17.0634
6.23586 1.23279 17.6033
-1.46952 0.868083 19.2395
34.5751 22.7953 127.481
4.247 7.60669 23.1078
5.93078 -1.37598 23.4279
-50.4533 18.0022 80.9511
-1.30584 5.67505 18.7466
-1.47301 0.897616 19.2373
3.2123 -2.43266 10.2302
-8.24524 -1.46898 18.1161
-3.27897 3.52733 20.0437
1.06687 8.06151 17.5621
0.23071 7.49752 17.727
28.8659 1.73719 29.6863
-3.34791 3.52933 20.0844
-2.88395 4.2416 19.7659
4.1743 -0.654913 24.0094
-2.75812 3.69598 19.9766
-3.02261 3.26857 19.9326
-2.50165 4.42595 19.5269
-2.94958 3.54355 19.9009
2.02041 -2.48982 10.328
29.1702 6.0475 33.2832
1.98866 -2.2093 10.3124
-3.30268 3.95605 20.0205
0.525299 -2.35905 10.842
-0.0446588 -2.35593 11.1856
4.07987 -1.98858 10.2441
23.8721 16.4482 130.88
5.78706 1.27581 18.1684
38.5703 25.6514 137.023
-36.6268 13.3566 73.6193
34.3251 7.88598 41.6424
-3.31044 -0.904556 25.7727
-47.1857 2.76714 96.9244
0.31976 -1.84889 18.4844
-2.14005 3.69183 21.3883
-45.0166 24.1205 96.1143
-47.3827 3.1853 96.7726
-16.7298 7.88163 64.9504
2.75429 -2.56115 10.2157
-0.380067 6.95142 18.1049
4.63343 -1.92143 10.3513
