-1.46109 -1.79713 19.6628
-15.2718 -1.3808 45.2554
26.2131 1.11971 30.2329
-57.1336 0.28947 83.3641
-56.8089 15.8491 80.0021
-2.55652 -0.821176 19.6551
-51.9922 4.69119 85.5923
-59.9233 2.77575 87.5951
-39.0648 12.4421 84.6932
2.85405 -1.43027 10.5442
-2.81614 -1.03192 22.7914
-1.38234 -1.81625 19.8592
-31.4844 -2.4215 54.1475
25.8281 1.08608 29.7665
-3.70297 3.74361 20.2158
-58.3028 0.432028 85.2679
1.20161 -1.71551 10.8241
-39.0296 10.9045 78.2322
2.92962 -1.49589 10.6707
-3.66685 3.84679 20.4929
-1.4564 -1.79688 19.8751
-50.7039 19.5373 79.409
-2.49335 -5.90348 19.5172
-64.1721 6.35308 92.6149
1.82072 -2.10322 10.5946
6.19214 5.26965 22.2377
-60.0713 3.48366 87.0493
-70.2155 19.2922 99.0358
-3.36455 2.76839 20.4569
-2.35383 5.527 19.4623
1.84244 -1.9571 10.5771
-60.0081 0.0990231 87.5684
4.76587 1.15546 24.4875
2.49379 -1.78873 10.5778
-4.67785 -1.3841 26.5721
0.579229 -1.96289 11.026
-68.5748 2.68581 100.048
26.4601 7.2564 31.9622
-64.0027 13.9261 91.3975
-53.3963 2.43358 87.9896
-1.30399 7.17884 19.3534
-48.2153 16.0805 76.3193
-48.6343 15.2219 75.9847
-53.8231 -1.52611 80.7268
25.7706 3.90061 29.5131
1.37954 -1.87292 10.6247
-1.2025 -0.0663921 19.8104
2.70798 -1.33708 10.5192
-1.25406 7.18257 19.3498
-1.25963 -0.00681642 19.7963
-2.62173 -0.838198 19.8508
-3.71008 3.54194 20.5702
-8.69812 -1.33138 21.3633
-3.97842 3.24916 21.319
0.497704 -2.10624 10.9727
-3.86507 4.13555 20.7278
1.86472 -2.06877 10.6356
-2.27131 -0.798354 19.8306
-66.9229 19.8209 93.4298
-54.7012 14.6854 86.5257
-4.08002 3.29654 20.7243
-16.9915 -0.156251 64.5815
-54.545 20.8713 84.7833
-3.8061 3.46343 20.7392
-64.4848 2.53246 93.7952
28.2637 1.52323 33.4875
-0.459499 -1.54495 18.7568
26.6381 1.38884 31.7241
0.47936 -0.662231 18.9103
-1.91113 -5.06321 16.5051
-3.50289 3.31129 19.4367
-3.78126 3.38356 20.2233
-5.28154 -3.0071 8.47981
-30.5466 -2.29033 52.3931
64.6142 32.1736 110.041
2.81159 8.6927 23.515
2.69209 -1.37527 10.5593
7.63199 -3.58585 23.6011
-2.54731 5.20854 19.445
-3.6643 3.28059 20.5847
3.36456 -1.49246 10.6595
-65.9682 17.0881 93.2517
84.1029 28.0705 133.502
-66.2282 2.19552 96.673
-56.8279 -0.119109 85.415
-57.5369 -1.83671 86.8965
1.90662 -1.82238 10.562
3.1502 7.88127 23.7613
3.22308 -1.47085 10.575
-55.123 -0.207715 82.6448
-65.1726 15.4755 92.3579
-2.04266 -1.1931 19.816
-50.1383 11.9292 80.8522
-3.68596 3.81565 20.3855
-66.7148 14.4642 95.1067
-0.292846 -1.71561 18.8996
3.95688 -1.28002 10.7929
54.4078 26.8564 104.009
-2.16525 -0.983045 19.8052
0.577414 -1.99054 11.0686
-17.0794 0.458183 62.6882
25.7092 3.85567 29.3645
28.3552 5.91492 34.1596
2.44192 8.16623 21.8991
-55.3961 -1.57925 95.6203
1.94292 -2.09184 10.9298
-0.173518 -1.72288 19.8236
-33.2461 -2.285 57.9249
1.17827 -1.76638 10.8109
-2.28062 5.53904 19.5051
-64.5665 19.1639 90.9946
1.95781 -1.49573 10.5151
1.33778 -1.81437 10.7576
-3.723 3.56841 20.7719
-7.16272 -3.06249 9.31519
27.9225 6.97335 33.6499
-2.60455 -0.816201 19.8692
90.6725 44.3989 152.366
-2.03427 -4.62576 15.7844
1.33646 -1.83032 10.751
-61.5924 18.1651 85.6601
2.56268 -1.28122 10.5013
4.67692 -1.76931 10.9021
-4.13385 3.44711 20.7676
-11.6394 -1.95543 19.3004
-29.0147 9.3189 63.0532
-50.0361 19.2484 78.1588
-17.8498 1.23495 24.6391
-59.1722 24.6777 94.1697
3.06827 7.8308 23.5558
1.20566 -1.76636 10.8407
-16.3081 6.2994 60.4687
-4.14845 3.40709 20.7047
-47.3706 -0.843501 96.3254
-18.1852 -0.422107 69.3874
86.397 30.548 141.833
-4.69803 2.78712 20.9993
66.4022 32.7722 125.103
-4.78357 2.40348 20.9328
2.45224 -1.81376 10.5337
-4.21 1.80562 21.0889
3.17221 7.97503 24.0067
-51.0271 19.6399 79.7362
-1.68709 -0.886926 19.868
-2.35078 5.70721 19.5027
-2.17108 -1.02688 19.8626
1.16222 -1.7315 10.7255
-2.03736 6.16936 19.4696
67.6791 34.0548 114.619
3.63978 0.043898 11.6495
2.51702 -1.71475 10.5815
-57.6663 15.6781 92.1274
-5.36473 -2.93756 8.50089
27.1106 3.25001 29.2253
-53.1206 25.2389 116.007
2.46355 -1.72991 10.5183
-2.22669 3.05436 21.6327
-49.8702 13.351 78.5757
-54.2561 18.0542 86.3512
-0.0380293 -1.98729 11.2503
1.97526 -1.8225 10.6019
-2.92867 3.5862 22.1581
24.9207 3.74678 28.5035
1.3276 -1.83629 10.8761
-0.171142 -1.7675 19.8146
-59.6531 19.9814 95.7288
-3.84622 2.86959 19.317
-3.87917 3.55537 20.6521
-1.47024 -1.78469 19.5426
2.61953 -2.00779 10.6776
-3.60534 3.88247 20.46
-4.69516 2.82433 21.1068
0.43385 -2.17878 11.0831
-1.37048 7.29525 18.6667
-3.91469 3.25023 21.1339
-32.1461 -2.47602 51.5579
-1.07185 0.331368 19.2519
-3.17242 2.57823 20.173
4.20633 -1.85809 10.8456
-7.31581 -3.14428 9.55574
34.8693 10.1878 43.757
25.5334 3.90489 29.3264
-32.59 9.46665 70.6379
6.79285 -10.5548 31.9226
1.10226 -2.14877 10.8578
25.6368 17.5934 144.961
-47.2223 22.4922 102.739
-1.12902 0.403951 19.2461
-8.81983 -1.78077 18.7758
73.7969 36.1655 124.382
-2.36373 5.72091 19.5426
-4.16757 1.66121 21.2227
-1.92852 -1.19352 19.8653
4.12071 -0.102979 11.9234
-3.71794 3.78013 20.5109
-16.4325 6.3438 60.8794
23.478 27.8337 132.742
2.0714 -1.77646 10.7202
1.33727 -1.82297 10.7653
27.4083 7.5268 32.9841
-55.9447 9.93467 79.7113
-9.75128 -2.51615 18.89
-1.87332 -0.52615 19.9424
-1.136 -0.0777366 19.4354
-2.01694 -1.17049 19.9847
-8.64779 -0.973977 20.8642
-43.8845 0.888677 71.3741
64.7757 25.5541 108.499
2.62309 8.56844 22.8402
-1.40285 -1.75399 20.0069
-21.9114 -1.33289 41.3062
-2.62078 5.28945 19.5901
4.98093 1.36075 18.8502
1.42952 -2.12672 10.8913
-60.4767 1.05684 88.1907
-3.61142 3.92402 20.7516
1.5642 -2.08811 10.7572
-2.92408 3.77911 22.924
-1.35622 7.34648 18.7169
-38.4827 10.6067 76.6038
1.34997 -1.83658 10.8365
-3.65259 3.9157 20.5968
1.27217 -1.64331 10.8187
-10.2329 -0.193039 16.826
-9.08331 -2.47502 19.0593
1.28679 -1.58151 10.8177
3.11982 7.86659 23.7088
-2.3063 -5.75786 17.5357
2.77132 -1.35153 10.6116
3.16923 1.15691 24.6046
6.8753 -1.34591 13.8636
-4.19004 1.8003 20.8334
-2.35374 5.57114 19.5297
-63.6928 2.05551 92.9607
72.1424 38.9154 137.949
-0.674232 -2.10013 11.6617
-56.9089 0.148723 82.7654
1.98808 -1.51138 10.609
-26.2692 8.50589 56.5554
2.43644 -1.88404 10.6022
3.27671 0.785685 24.1514
-2.19829 0.909179 19.7845
-3.92433 -1.0661 25.456
-14.7637 7.18643 58.8561
1.63932 -2.11174 10.8261
2.52593 -1.78711 10.6336
26.7227 7.3662 32.3318
-2.36357 5.54803 19.5316
-0.704291 8.19482 18.8449
53.4348 28.8835 102.357
0.577173 -1.98501 11.0306
-3.287 4.31715 19.6176
-1.54344 -1.41966 19.9877
-1.40798 -1.79494 20.1118
32.926 9.54616 41.6593
1.15499 -2.02297 10.9124
-0.843367 -1.71205 19.9479
-26.0833 3.00032 56.612
1.5124 -2.03716 10.8265
-45.7887 14.9957 72.1435
0.103356 -0.924155 18.828
-1.67851 -0.854059 20.0274
-17.0285 6.03343 63.1809
60.3667 23.3253 100.867
4.31892 -1.90858 10.991
4.4875 6.89479 22.6994
0.610881 -2.18865 11.0522
4.56731 2.5487 23.4242
-0.908594 7.60004 18.3296
-10.6928 -0.954233 47.848
-14.9228 5.75271 54.2958
-3.83614 3.39795 20.3024
1.45049 -2.05785 10.8037
2.212 -2.02903 10.6483
-3.28141 5.34645 19.9442
5.38946 10.76 83.7338
-1.92686 -2.46872 14.1081
-0.0193267 -0.99237 18.7422
5.06711 1.69061 18.8206
-37.4587 10.4248 74.0233
-3.83479 3.38956 20.2924
5.67125 1.33223 17.4903
5.43791 1.72713 18.0842
-2.18649 0.888448 19.9966
34.1839 23.7652 131.408
2.77573 7.46839 22.5485
4.80442 -0.922857 22.4808
0.64784 -1.99073 11.1568
-55.057 14.8978 87.8405
0.675106 -2.06209 11.0487
-2.31461 5.75374 19.6453
-2.21037 0.912545 19.7691
2.74419 -2.02798 10.9438
1.37663 -2.07347 10.7876
-8.87074 -1.85112 18.8115
-4.16002 3.41366 20.6992
0.00213312 8.53943 18.8666
-1.53767 -1.49641 19.8421
23.6816 2.94926 25.9942
-3.87295 3.82275 20.7771
-4.20273 3.3464 20.3349
-3.81721 4.21916 20.8435
3.6709 -0.400638 24.8892
-3.6458 3.44963 19.6842
-3.874 3.0491 19.773
-3.44563 4.24559 19.6491
2.68456 -1.29744 10.6955
-3.82859 3.421 20.4444
3.29988 8.20888 23.5139
-3.6769 3.84504 20.6932
2.00607 -1.78295 10.6518
0.12861 -1.92735 11.3427
1.41034 -2.10006 10.8141
0.605089 -2.19529 11.0052
28.2092 7.67176 33.7806
1.39827 -1.84217 10.869
5.25624 6.60519 22.7531
0.116021 -0.917526 18.9503
1.11294 -2.14878 10.8655
-44.6008 19.4394 93.4635
-4.26796 4.11704 22.2489
-0.873198 0.131343 19.2386
2.93784 -1.47912 10.6389
4.96922 -0.428167 18.9147
-0.0900713 -2.00053 11.3013
5.12661 0.473256 18.7045
1.82589 -2.04778 10.612
4.63047 6.99315 23.0915
3.17718 7.918 23.8511
-4.67603 2.80999 21.0247
6.43552 1.35189 13.8346
3.26021 0.870136 24.3434
33.1396 13.4188 37.7219
-0.0988391 -2.07725 11.3229
3.12624 7.99176 23.9992
0.620691 -1.99101 11.0532
-0.659785 -2.11143 11.6856
3.44148 -1.50784 10.7427
5.14726 0.510589 18.6711
4.95127 1.70459 18.5763
1.92997 -1.99419 10.6513
-0.307608 -1.71884 19.3464
-8.83694 -2.44672 18.6788
3.93084 0.548626 24.3728
-44.8346 12.6933 90.5431
33.1327 9.51508 41.8593
-3.8812 -1.13215 27.2723
-37.316 -0.754266 75.4159
-1.35573 -9.44787 27.2765
-0.0726754 -1.81607 19.9345
1.20202 -1.71715 10.8234
34.573 29.4284 145.845
-30.6757 -0.281877 60.2632
-15.8123 5.49806 57.784
-5.95132 2.53782 21.28
2.13186 -2.17369 10.6485
-1.37788 7.27446 19.3946
-1.29863 7.59648 19.352
2.68457 -1.32613 10.7008
27.2219 27.1929 126.099
4.04086 -1.42997 10.9083
5.42186 1.35867 18.2123
-3.31735 2.80548 20.5384
-4.12655 3.42172 20.6342
-2.08961 1.03668 20.007
-0.933283 8.65571 18.2528
-0.876672 8.50616 18.2209
-0.106069 -2.21357 11.5062
2.11477 -1.6451 10.7121
1.24188 -1.70299 10.8752
1.4183 -2.00359 10.7556
-31.3557 -2.34607 53.9501
-4.26551 1.73984 20.2257
-0.10838 -2.06776 11.2919
3.40018 8.21188 23.7093
2.04853 -1.78563 10.7069
5.06067 -0.683857 19.1659
5.68137 1.33748 17.4819
-0.810471 7.67676 18.4973
3.15494 7.86959 23.7487
-0.931689 8.60402 18.2276
-1.24448 0.0172835 19.398
-6.78118 25.3756 63.1709
-0.579893 -1.49324 19.4542
5.76883 -1.08748 12.6419
-3.3366 5.62709 20.0082
-4.6775 2.8079 21.0733
3.20597 8.49188 23.7814
3.2374 8.41547 23.5899
0.0395219 -0.920614 18.7537
-25.6991 -2.07096 48.7947
-30.9586 -1.59368 52.7686
-4.70278 2.76012 20.9954
-46.8538 22.2064 101.33
-16.7697 5.87167 61.9853
-3.18782 2.61114 19.9659
-17.2788 6.78479 64.9409
-10.1304 5.19446 45.9491
1.93155 -1.22008 10.5066
-2.51794 5.28562 19.7142
-9.71877 -2.50334 18.8104
32.4211 31.5876 145.269
38.0514 26.4757 140.04
-12.0253 0.0722691 51.5204
108.087 36.7493 168.289
-18.2703 7.87651 69.1661
27.9369 7.6702 33.5691
28.3323 19.6794 113.417
-0.469064 -1.56677 19.0815
-4.89821 -1.15143 26.3319
28.6205 19.3638 113.209
-3.67836 3.59672 21.0806
-8.6765 -1.75953 18.0857
-0.903072 -1.67165 19.2815
-3.81784 4.09227 20.1254
1.33536 -1.82611 10.8469
0.672718 -1.91757 10.7643
12.1731 0.0559372 40.9149
-7.31767 30.0224 64.2626
-0.123577 -2.23596 11.4193
-0.47661 -1.54852 19.096
4.65984 0.113927 19.2044
-42.573 12.0419 85.5316
4.60907 -1.89407 11.0475
33.9621 11.81 41.5624
-4.1683 3.2774 20.8209
34.8286 15.8182 43.8939
6.91953 0.812313 29.0729
-1.76408 6.29045 18.8206
1.33541 -1.84491 10.7735
4.40291 -0.955751 10.9016
3.04676 -1.90061 10.7305
2.82187 -1.41936 10.5133
-1.78308 -6.59127 21.4131
3.16061 7.87851 23.7919
-1.55005 -1.45638 19.775
5.59265 1.65805 13.472
1.16472 -1.66542 10.8274
-4.17291 1.64069 20.8158
28.3984 7.71513 33.9347
3.29556 1.19392 24.9138
7.16967 2.18844 16.7128
22.0081 26.7157 126.728
-2.99932 4.81633 19.8391
2.83581 -2.0327 10.6962
-9.65018 -2.47347 18.4508
-4.16413 1.64145 20.8147
33.245 27.7791 138.92
1.3669 -2.10024 10.7775
32.2234 11.1146 39.8725
-16.5574 6.80006 60.2773
2.89052 -1.37341 10.7522
2.09642 -1.81041 10.7793
-5.12926 3.83187 21.0094
2.50036 -1.76815 10.6331
2.75482 -1.30286 10.6238
2.63076 -1.80119 10.8073
-4.65563 -1.19952 24.7991
-1.58514 -1.71092 20.2303
-73.2216 36.0994 166.67
1.40187 -1.52663 10.8588
33.1076 15.0845 42.1335
-1.2635 -1.74899 20.1841
0.397383 -1.85929 19.7602
-1.93192 7.40474 19.4463
26.4794 7.03419 32.3784
-0.869838 8.51217 18.2277
68.6117 36.6634 121.918
-4.68266 2.79666 20.9809
0.68232 -2.06075 11.0639
3.64188 6.53021 23.9328
-0.357122 -1.69242 18.8402
1.21643 -2.06682 11.0723
39.9166 19.8988 146.809
4.48547 -1.87022 10.9466
4.29497 -0.894979 10.8722
-0.424852 -1.59768 19.1755
-2.0953 1.03544 20.0183
1.27769 -1.74796 10.748
5.49438 0.560573 18.191
-12.4938 5.67945 51.0601
-3.03123 4.69848 19.8129
-9.80444 -2.54953 19.1046
-2.00364 -1.08138 19.8787
34.1855 15.5904 43.282
-18.0765 -0.0233047 66.0376
-9.38254 -2.44272 18.6712
-3.41321 5.39207 19.7633
-33.5458 -0.778222 66.8546
3.48374 0.758706 24.7795
3.33787 8.17632 23.568
-2.31667 5.7452 19.6517
-3.42643 1.11927 20.3944
0.214653 -1.00241 18.6419
-10.499 -2.55184 18.5731
-0.422142 -2.2044 11.4581
3.42875 -1.01351 10.6122
-2.22193 1.01162 20.023
-2.29595 5.59432 19.6826
2.90981 -1.44816 10.6366
-2.23688 0.915468 19.731
-3.53038 4.01028 21.023
100.332 34.5609 139.844
-2.41181 5.46914 19.2342
1.53536 -1.94024 10.8844
-4.17309 3.24211 20.7661
-1.97885 7.30525 18.9583
-0.564577 8.19923 19.037
5.69041 0.097641 21.4114
3.15226 7.89156 23.7769
2.49578 -1.89716 10.7072
-0.929526 8.66617 18.2637
-10.265 -0.427367 49.5198
1.4105 -2.08616 10.8097
-0.0794157 -1.95641 11.1716
2.27275 -2.0196 10.7368
1.28036 -1.74005 10.9503
35.3479 23.7661 134.728
-10.1277 5.26414 46.5149
36.5584 22.7682 139.633
31.4629 21.3132 124.381
-0.951714 8.58222 18.1977
-0.272967 -1.71639 18.9261
-3.93206 -1.14833 26.7388
-4.13226 3.43473 20.5957
0.645597 -2.04236 11.0105
-7.15878 29.2578 63.7556
6.26621 5.30657 22.335
5.90294 5.48894 22.4173
-4.6936 2.75387 20.989
-4.67085 2.78173 21.0659
-3.04045 4.70526 19.7671
-0.493929 -1.55529 19.1052
-4.32822 1.78405 20.8817
-1.89677 -0.520064 19.7939
-2.30675 5.747 19.6002
-2.29288 5.57786 19.6126
33.2497 23.854 126.187
-0.842022 8.55915 18.2603
-1.7583 -0.142766 19.6783
-1.75714 -0.761171 19.7334
2.47282 -1.66063 10.6852
-4.015 -1.07683 25.6189
1.75862 -2.01311 10.5463
1.35235 -1.77867 10.8383
1.57598 -2.09758 10.7521
3.5709 8.71437 24.7376
-6.72182 -1.07967 25.5909
5.06727 0.705684 14.6616
-36.6025 3.49433 75.3969
-5.17575 -0.941748 25.6053
28.4044 7.69056 33.9068
-0.338428 -1.73289 19.1479
-10.0448 2.10925 46.7967
38.9687 16.4971 52.4636
-17.4265 6.77082 65.6526
-1.7687 6.24195 18.9733
-0.00545297 -2.2154 11.2468
-0.154963 -2.16097 11.1456
32.1821 22.4622 124.256
-10.3553 5.16329 47.2238
-6.47593 23.2148 64.8971
0.59101 -2.17205 11.0626
28.0831 7.67732 33.7397
-12.888 5.7082 53.4818
37.3202 26.2921 138.866
0.623507 -1.98287 11.0704
-2.08386 -1.15988 19.7294
-16.5032 -1.551 48.0171
-1.65656 -0.848969 19.6223
-3.34709 5.50393 19.9656
2.00558 -1.77279 10.6528
-1.6349 -0.840252 19.6181
4.66843 3.51689 23.2109
4.6361 2.53592 23.4239
-3.33047 5.60358 19.9533
-3.70052 3.53944 21.0651
0.570138 -1.95816 11.0193
-0.337956 -1.71104 19.1393
0.612367 -2.18481 11.055
-3.35936 5.59026 19.9332
-4.74607 -1.34802 25.9897
-4.12926 1.8604 21.1802
4.8341 1.34557 18.6283
-3.36651 5.41956 19.9687
-2.16101 0.918813 20.0422
28.9993 8.46035 37.6524
33.6279 18.981 113.174
-1.89436 -1.27005 20.242
-1.93398 -0.187732 19.7249
1.02923 -2.01708 10.8114
3.68244 7.12998 24.2551
-1.41871 -1.3933 20.1068
0.537149 -2.13668 11.0313
-1.2757 7.48987 19.1717
28.3215 11.3677 33.4338
33.9131 22.4993 132.358
35.5691 25.2622 133.574
-0.130768 -1.77296 19.1671
1.1949 -1.66647 10.8486
-0.164425 -2.09345 11.39
4.40153 2.57243 23.1328
-0.0467875 -1.75492 19.7406
-3.39759 1.35455 20.1347
-0.0591955 -1.66435 19.4776
28.2561 7.72645 33.8562
-10.1249 5.17837 45.7801
-0.0721641 -2.20205 11.274
-4.13832 3.41274 21.0396
5.92362 4.91201 22.6671
41.8318 19.5166 131.655
-1.76686 -0.772779 19.7501
-11.292 5.57209 49.909
-2.09584 6.03877 19.1166
-6.26888 18.9514 65.4533
-1.77939 -0.155565 19.6314
31.3393 22.3114 122.43
31.712 10.8204 39.5002
3.38353 0.88722 24.5673
3.30778 0.882414 24.6378
1.89208 -1.22444 10.4913
2.54146 -1.90984 10.7396
-2.66627 -1.24737 26.3575
0.641294 -1.6855 11.0157
-4.95588 2.66445 19.9175
-9.27227 -2.28582 18.5857
0.877643 -1.81622 10.9409
-1.90218 -0.543905 19.7137
-2.30322 5.61764 19.651
-3.30995 5.3002 19.8264
-16.8923 6.58218 63.2389
-9.37484 -2.4017 18.6643
0.546348 -1.97628 11.0153
-1.88668 -0.533373 19.7563
-2.01519 -0.993588 19.903
-1.08252 7.15859 19.1266
34.2436 15.5202 43.3295
30.3456 10.6436 37.9664
30.7827 9.24059 39.4761
-15.0127 4.79185 51.4586
-1.75276 -0.0839534 19.5802
-4.73489 -1.31132 25.8714
-19.1558 -0.90399 44.2499
-1.21458 -1.26803 20.0297
-1.36319 -1.75597 19.6908
-2.24414 -0.759239 20.1983
-1.452 6.87957 18.7467
1.34757 -2.09334 10.7488
5.47274 1.37269 18.3226
-5.14263 3.86217 21.1525
-16.7235 6.51997 62.0528
-0.388478 -1.65874 18.7935
30.8848 12.487 35.8847
6.70504 -0.150234 12.0407
-1.26193 -1.88098 20.2838
3.25867 8.4443 23.6158
-10.2464 5.22366 47.0173
-1.66642 -1.60297 19.6809
-4.15839 3.40876 20.5303
-2.27568 1.02171 19.6768
-9.49083 5.043 44.5955
1.21481 -1.72533 10.8471
-1.92691 -0.123294 19.7239
-2.12989 -1.05497 19.9779
-4.89185 2.80984 21.0409
-0.472466 -0.576816 13.1963
42.0473 22.2884 132.326
-25.5461 -1.48828 49.7187
6.29798 0.891401 13.5729
-17.2239 6.15818 64.558
1.63745 -2.11551 10.7945
5.10033 1.37282 19.0136
-5.71913 2.57762 21.7076
-0.477917 -1.6736 18.8017
28.0897 7.65914 33.7381
-12.5515 5.71264 51.6856
-3.65114 3.78159 20.0201
-1.74433 -0.796105 19.7052
4.123 1.28151 23.5744
-0.701151 -2.10646 11.598
-2.91565 4.99035 19.8385
-3.26069 4.64463 19.9143
2.92959 -1.96767 10.6392
1.0079 7.92931 25.145
-2.98156 4.72528 19.8714
0.0366619 8.35349 18.613
-2.73404 0.0617228 25.9409
33.2606 11.6486 40.7068
-1.63313 -1.57082 19.8071
-1.64486 -0.855994 19.624
-0.439035 -1.56597 19.1351
-2.26085 5.77333 19.6401
33.2954 11.3486 40.842
4.14262 -0.941855 22.7592
0.944976 -1.88162 11.0145
-6.75999 25.1217 62.0068
-1.03721 -1.3609 19.9064
2.37301 -2.26963 10.7928
2.31047 -2.05625 10.7148
-1.78874 -0.139507 19.662
-1.98742 -1.20535 19.8808
4.62005 6.99571 23.0539
-11.2409 5.47229 49.5638
-1.6948 -1.59958 19.5184
2.18152 -2.36639 7.58345
-8.54492 -1.29252 10.5095
-3.79743 3.44228 20.6416
-2.2888 -0.0283314 20.1408
100.587 13.4819 129.687
-3.37549 2.7264 20.148
3.26316 7.08925 23.6776
-2.66002 5.23176 19.8377
-1.9275 6.22325 19.5652
-17.4548 -1.65369 54.9807
-3.8625 3.35489 20.1422
-3.58321 3.88484 20.9108
4.40451 2.71111 22.9927
-0.0399474 -2.18182 11.1706
-0.484432 -1.55138 19.0545
1.39492 -1.46793 10.6797
31.4003 10.9288 39.1568
-1.70704 -1.54254 19.7656
-9.3747 -2.43288 18.6928
-3.41831 4.34236 20.1845
-4.65787 -1.32822 26.3008
-1.90347 -1.21821 20.2153
2.24101 -2.00679 10.6814
-0.425026 8.57797 18.7027
6.52745 0.952633 12.2557
-4.25263 3.12342 20.1735
-3.46364 1.11461 20.2339
-1.89691 -0.534008 19.7532
3.10376 8.09045 23.7358
1.81413 1.2673 14.3629
2.71968 -1.9505 10.6878
0.099261 -2.21972 11.275
2.81757 -1.98803 10.7236
-0.90127 -1.67063 19.3476
1.85444 -2.03987 10.6894
-1.99157 -1.22937 19.8885
3.23319 -3.04524 8.7064
1.41502 -2.09311 10.816
-9.57007 5.76703 44.7274
3.88173 -7.83173 26.4588
-9.7254 2.58433 24.2503
-4.84502 2.84589 21.1064
0.666421 -2.00023 11.0737
4.61519 2.57834 23.4779
6.1378 5.55264 22.472
-15.7969 -0.948694 48.0355
4.29863 1.4281 24.1592
3.31854 1.17778 24.8018
0.161584 -1.69057 11.21
-0.095962 -2.08296 11.3115
-3.82914 3.40818 20.4377
-1.92593 -0.144392 19.791
-0.941948 7.27696 19.3747
-2.44831 8.59683 19.1359
39.6372 3.44641 26.4626
0.670781 -2.08138 11.0124
-1.54263 -0.157653 20.2423
39.9214 12.8092 51.6891
-17.8627 0.65708 67.4893
-15.287 0.0533163 53.2501
3.50938 -1.90076 11.0647
1.57626 -1.88795 11.0694
4.67906 1.00313 24.4283
-1.1719 -1.66824 20.2445
-1.56702 -1.21234 20.333
-10.5349 -2.46904 18.6692
4.23416 0.0168527 24.3829
-4.54118 -1.26034 26.3167
-16.8701 -1.03336 48.3694
-5.43399 12.1087 67.069
-0.364416 -1.73167 19.046
4.54201 2.61134 23.4111
-1.89956 -0.539738 19.7471
-2.19571 0.899885 19.7897
1.74334 -1.9535 10.695
-2.06307 1.06011 20.2689
0.248546 -2.07405 11.2909
4.63978 3.5012 23.152
2.93445 -1.44154 10.6562
2.09678 -2.1283 10.8801
4.71861 2.58434 23.6488
-0.426419 -1.73324 18.9842
0.588009 -2.17267 11.0106
-6.71104 27.0906 65.2572
-12.6696 5.83352 52.937
-2.48672 8.49065 19.1772
-1.74973 -0.11527 19.6712
4.87943 5.17811 23.2427
-5.1062 3.84426 21.1726
-9.29808 -2.31164 18.7107
-0.691823 -2.1188 11.6347
-2.07795 6.05265 19.134
-4.70481 2.74108 20.9804
-1.83341 6.26925 19.7279
-4.16541 1.83251 20.8549
-3.34882 5.46857 20.0095
-0.159804 -1.73959 19.1866
-5.97168 20.4786 67.6793
-2.10218 5.86897 19.9505
-5.17714 8.99492 65.757
-0.25425 8.26066 18.8366
-2.13379 5.88695 19.9593
38.0688 3.83896 24.0105
33.3387 11.598 38.2985
1.19013 -2.15382 10.9019
1.57899 -1.93632 10.858
31.9349 11.2623 39.6337
-1.62927 -1.54254 19.8608
-0.0991227 -1.48311 10.9887
-21.1292 -1.85656 48.4287
-4.80548 2.39639 21.14
-5.55328 23.688 80.9687
0.653074 -2.0526 11.0076
-2.3094 5.80879 20.0218
-16.9081 6.81414 64.5762
-9.07553 8.28282 59.3652
-1.99591 -0.87816 20.5084
36.5857 13.8791 40.6029
-4.2965 1.78981 21.0715
-2.00056 7.33474 18.9439
-4.25741 1.80001 21.0781
-4.62516 2.86971 21.2417
1.10124 -2.09518 10.8733
-2.02071 -1.02402 19.8965
38.2039 3.87397 24.0841
-1.85297 -1.24348 20.3303
-1.78941 -0.170385 19.6534
1.3058 -1.82515 10.7522
-13.6627 -2.7477 21.7352
-7.29527 29.9629 64.1443
-21.1692 -1.83501 48.6648
-6.72828 26.627 64.1851
-2.15655 5.83137 19.8125
-4.9858 2.74438 20.5525
38.5088 11.1235 46.9419
-0.106659 -2.1921 11.4333
-1.44185 -1.63873 20.2967
-1.70295 -0.160166 20.263
-15.3429 0.24268 63.7437
-11.8946 0.0969059 47.3222
-1.83739 -1.21415 20.4161
-0.580765 -1.72467 19.9446
1.37049 -2.0795 10.7762
-3.32662 5.59776 19.9519
-6.99257 6.4829 54.7272
-3.78372 6.87279 20.023
-4.03708 1.86998 21.2628
-12.9493 6.27482 57.0579
-5.03892 3.96662 21.0956
-17.16 6.06108 64.1656
4.26782 0.264289 14.0262
5.11687 -3.0027 9.01762
4.55767 6.98587 23.0022
-12.606 5.8806 52.791
-6.4421 23.1791 66.8276
-0.157828 -2.16922 11.3781
-5.13399 3.86243 21.116
4.65193 0.834823 12.438
0.130164 -1.72058 11.1775
38.0959 3.81115 24.0532
-11.7601 6.4422 56.4834
-5.50533 11.9651 66.4106
-2.04036 -2.79048 7.57856
3.93232 2.17579 23.9952
2.56652 -2.04172 10.7061
-9.94316 -2.55132 18.7258
84.2721 31.9664 161.564
-12.6453 5.79206 52.6878
-0.0171656 -2.10107 11.3894
0.345161 -1.92415 10.8467
-3.05561 -0.205631 26.3337
-9.71722 -2.51156 18.6914
41.796 2.02227 23.3434
-3.40911 1.2049 20.3821
-7.04337 24.3115 59.1596
-1.76989 7.51581 19.5391
-1.44828 -1.59578 19.6367
-3.28715 1.41311 20.5734
-0.134495 -2.18819 11.2897
-6.16623 21.2171 70.3488
1.96663 -2.04654 10.7932
5.44135 1.39225 15.2059
1.07638 -2.16316 10.904
-6.58296 21.9786 61.521
-5.18174 3.94712 21.1153
-3.77319 6.90275 20.0392
2.8246 -1.97047 10.7681
-16.5901 6.81754 59.1685
-9.28706 -2.3077 18.7281
39.8342 3.8728 22.4974
-1.9229 -0.107716 19.738
5.88441 4.91814 22.5808
-3.32206 5.62674 19.9922
-10.0376 5.83587 45.5226
-1.4592 -1.42796 19.8416
42.8151 4.91351 23.0944
-11.516 5.72501 51.3838
4.84617 5.17408 23.1976
-2.00979 -1.00802 19.8754
-5.10729 3.84345 21.166
-6.53851 28.4186 68.146
-5.57486 0.563179 54.6901
-9.77427 -2.52183 18.7157
4.36957 2.71276 22.9574
5.71221 5.46942 22.2237
-3.26222 1.20823 20.7126
5.01674 1.26775 17.8236
-4.71364 2.82571 20.982
-6.76882 26.2046 64.5875
-9.46662 5.7721 44.2893
1.28325 -1.80316 10.7936
-1.75018 -1.5052 19.6895
32.7458 12.2011 37.6796
-1.4324 -1.29218 20.3916
-17.591 0.0559981 61.3842
-1.65142 7.58906 19.5763
-1.0283 0.419497 19.3939
0.270114 -1.77093 11.1985
-11.44 5.64686 50.0743
28.6792 10.2479 34.0463
41.7695 4.04032 23.2751
32.5621 11.231 40.2313
-17.1236 6.03922 64.2265
-12.5917 5.83615 52.5895
-3.34498 5.5973 19.9472
4.42898 1.46157 24.3164
29.0578 10.3736 34.5835
-12.4938 5.60007 50.5929
-1.39817 0.218894 19.3711
42.592 4.93261 22.9649
42.9585 4.91534 23.1846
-1.89142 -0.122196 19.8123
41.8881 2.52491 22.5462
-3.76093 6.90699 20.0774
-2.0938 7.23607 19.1503
-16.6792 -0.979889 47.003
-1.90189 -0.551637 19.7799
42.8339 4.93727 23.059
-1.57455 -1.43562 19.74
38.2323 3.84564 24.1112
-7.7113 -2.7741 9.66982
5.09945 5.18283 23.2235
0.512249 -2.18145 10.9532
3.06658 8.0713 23.7392
6.27286 5.70775 22.4439
-4.82949 2.3844 21.1286
4.55062 2.53276 23.3732
5.21455 6.56876 22.7222
3.9752 8.82291 25.0012
-3.3733 5.45557 19.9621
39.4875 6.84795 21.4882
-1.64347 -1.01679 20.4844
-1.64481 7.57251 19.5857
-1.84558 -0.518082 19.7876
42.2801 4.20373 25.5966
-0.358089 8.54639 18.6478
-1.5717 -1.55993 19.8529
-3.95238 1.15463 26.4275
0.668101 -1.5732 19.3806
3.8011 6.54289 25.2492
-15.8664 -1.48927 47.5548
-12.595 5.83081 52.2801
-0.112619 -2.12062 11.4287
-1.78638 -0.16887 19.6629
-4.21182 1.92086 20.973
42.4797 4.10601 23.529
-6.38161 23.3604 67.0902
33.9026 13.665 38.4918
-1.45532 -1.77267 11.3367
4.92637 5.18101 23.2787
-5.18592 3.78 20.9426
44.7969 2.77481 23.449
-2.28671 7.0693 18.788
-7.0929 6.3317 53.8551
-1.71776 -1.56945 19.7334
-0.876352 8.66155 18.3501
1.26298 -2.0468 10.9701
-12.685 6.00755 53.7757
-4.6845 2.81013 21.0211
-7.14927 4.41526 38.3681
-16.3363 -1.53419 46.755
41.3935 1.9351 23.4913
5.44326 -0.397993 18.2491
42.8732 4.91571 23.0886
6.44443 5.68082 22.7935
5.63902 5.42128 24.1522
5.15633 -0.429954 19.1552
32.9154 13.3006 37.7141
50.6929 8.16101 25.4189
-10.0497 5.41937 48.108
-0.600117 7.81736 18.8188
0.279934 -2.38094 12.8098
42.5834 2.55943 22.7953
0.00701624 -1.57095 11.1367
-1.32553 -2.43458 26.533
-1.21714 -1.37413 20.3076
34.0797 12.0657 38.7118
-15.4133 -0.0191544 67.8157
-1.96233 -0.137755 19.6652
34.0365 13.7103 38.7189
-5.14476 3.84088 21.1369
-10.9913 0.46611 51.0431
4.49545 -1.22973 12.5798
-1.72245 -1.52368 19.8099
-1.89099 0.976832 9.64394
-6.87669 24.2708 59.9135
-6.71339 21.6729 60.5861
-10.9975 -0.476698 54.0348
3.09028 8.3186 23.7047
-4.21432 1.89282 21.0014
4.64804 7.02275 23.1243
-4.80578 2.38299 21.1763
0.618528 -2.04445 10.9846
-0.0972709 -2.00158 11.2881
0.486473 -2.15532 10.9452
34.2085 13.5373 38.9057
-3.4105 1.19322 20.3949
-5.88223 6.74004 56.6265
-17.3612 -0.185103 60.4462
-17.1953 -0.172346 67.1939
-2.38491 -0.764185 20.006
-1.39814 -0.11203 20.2741
-1.7476 7.5222 19.5869
-1.2272 -1.96078 11.9189
-1.50267 -1.77521 19.672
-0.160029 7.93474 18.515
44.2396 5.66688 23.6486
-2.28883 -1.53641 20.7657
-0.25194 -1.60362 19.7069
-10.2233 -0.663024 50.1525
4.12059 5.0291 23.3575
-5.02165 13.5596 70.3084
-0.217729 -2.17411 11.3303
-4.67661 -1.38266 26.4693
-0.198333 -2.15208 11.3116
5.98714 -0.430138 17.7921
-1.73711 -0.12285 19.6802
-3.05534 4.57347 20.5402
33.6557 13.5625 38.1629
3.60084 6.99682 23.88
-10.7149 -0.820267 46.4529
33.3453 13.5242 37.8565
-1.01374 7.26529 19.3449
-2.1651 7.17505 19.0706
-1.77651 -0.776894 19.6928
-3.95792 1.09813 26.5292
-9.9621 5.74717 45.1276
-0.939099 8.66652 18.2941
-5.84259 6.82503 57.1582
-0.979868 8.63115 18.232
-0.00918873 -2.00429 11.2851
87.0334 35.3952 157.304
1.28506 -1.73229 10.8907
5.46735 1.38423 15.2281
-0.957272 8.6143 18.2076
3.52212 -0.146516 13.7495
0.050752 -2.11269 11.4066
-1.73207 -0.839371 19.7236
43.0165 2.55556 22.979
29.1924 10.2684 34.6927
-0.286721 -2.14548 11.2915
-9.77757 -2.49836 18.6884
3.6437 6.57612 23.8578
42.5319 5.61814 23.0566
-0.366544 -1.58817 19.2769
0.152752 -1.65916 11.1975
-6.81218 26.4301 63.5052
-3.54776 7.11803 19.9569
-17.2068 -1.02095 50.8379
49.0718 5.21897 19.8611
0.250288 -1.44802 11.2446
50.0517 2.53195 19.4837
0.113767 -1.43875 11.1637
43.2553 7.32902 22.8692
42.974 4.15955 23.6643
-9.92168 -0.405704 48.6374
53.9252 2.76424 20.5833
-1.97604 5.90252 19.9464
-4.74403 2.87121 21.3077
5.08417 1.18624 14.8264
45.5663 5.20814 24.2011
31.0681 11.9163 36.1274
48.6704 7.88528 24.3858
-1.70319 -0.839002 19.7319
40.8462 2.52798 22.1395
0.221645 -1.48551 11.2126
40.3913 4.06833 24.9413
5.21711 4.74834 23.818
3.59646 -1.95615 10.9551
-6.12092 14.9108 62.8558
-6.57434 -2.61165 16.0201
33.3609 12.1395 38.1658
0.133905 -3.35147 8.42429
50.772 2.44964 17.9885
-0.0215733 -1.97609 11.3156
-3.77014 6.89537 20.0614
-10.7213 -1.01649 48.2899
-10.0582 -0.608507 44.5381
-17.811 7.41612 72.6049
4.75144 1.66912 18.4777
-15.6417 -1.21015 48.689
-5.17427 3.94154 21.1364
47.7792 4.08763 18.9091
-3.98222 1.09891 26.3908
-4.01824 1.16576 26.3733
-5.10762 9.30122 66.1438
-0.846551 7.28162 19.0023
-7.89381 5.62007 49.8731
8.04912 1.23231 17.0617
37.8656 4.22056 21.4631
-1.70206 -1.42984 19.5244
5.5776 1.14411 15.1647
-0.0360086 -1.99326 11.3078
-2.273 1.03901 19.7597
-12.3058 -0.26129 56.0812
-9.06117 0.219952 45.5341
51.5982 4.59511 19.9643
-11.5394 5.77804 51.8755
-6.2459 23.9958 66.6084
-11.2439 -0.487305 50.5469
-1.71757 -0.765623 19.7487
-9.0622 -1.71611 11.2212
4.64459 2.77973 23.3955
-12.5701 5.59329 50.3977
3.83368 5.1194 23.4731
-10.8091 -0.847006 49.166
-0.0529811 -1.66145 11.0923
-3.29938 5.48384 20.1101
53.2537 2.58445 18.5384
4.66207 0.54842 14.2495
-7.52081 -2.71534 9.48953
-9.84175 8.42142 44.0101
1.23073 -0.808882 32.6711
-0.972964 -1.80724 20.2509
-3.12953 -0.204335 20.5562
-4.65177 2.78707 21.048
-4.80188 5.42676 21.2498
46.8314 4.97177 19.1831
5.8544 1.41219 15.4734
-1.48245 -0.147922 20.3891
-1.60582 -1.54814 19.8948
1.89714 -2.05497 10.7434
-10.033 -0.497614 49.4224
-11.1389 0.223054 51.6251
49.9086 2.46195 20.4177
6.04611 1.50995 16.3035
-3.81677 6.84481 20.0252
-4.80823 2.83202 21.2271
-5.12781 3.84222 21.12
-12.3472 2.30585 24.3621
-4.15684 1.83511 20.8403
1.46935 -0.126491 30.83
4.68682 -0.414744 18.6329
69.9209 5.56616 17.9084
-10.7031 -0.97525 47.2094
-1.89621 -0.118579 19.7506
13.3129 -0.265314 29.6671
1.98461 -0.056064 31.79
46.4961 4.97594 19.1963
45.8184 2.42665 17.8262
-9.26945 5.37739 47.4244
5.23323 4.80232 23.8566
5.57486 -0.400434 19.8245
52.0613 3.29029 19.5399
37.996 3.40794 14.5437
-11.3446 -0.49332 48.6921
49.7065 3.17596 19.0989
-0.329226 -1.44401 19.6277
-10.9832 0.610947 50.4423
-4.19611 1.76364 20.8387
-1.74868 -0.798221 19.6841
-3.38214 5.57329 19.9329
-0.103246 -1.96481 11.2567
30.6873 3.04179 19.7724
63.7235 5.10943 16.9002
4.28435 7.80629 59.3434
-4.04462 1.12075 26.3231
41.1971 5.48701 22.7608
-4.05705 1.15475 26.3009
-10.5329 -2.50306 18.7281
-0.659464 -1.60824 19.8568
-5.3632 0.0465197 55.9856
48.3842 5.10381 19.525
-9.98312 5.00853 44.5315
53.6745 3.10558 13.6858
40.191 6.94192 21.9069
-11.6309 5.63394 50.3805
-1.01569 -2.09724 12.0256
5.63649 1.59042 15.7014
5.74658 -0.430662 17.6418
-1.00511 -2.1048 12.0175
6.5074 1.688 16.1612
92.9578 24.2044 24.3316
5.53999 1.5821 15.6562
-1.978 -0.982015 19.9077
5.16279 4.74029 23.7005
42.982 5.67835 23.3604
54.3033 2.91391 19.5685
5.82837 1.40191 14.9547
-7.4877 5.94577 51.7885
60.74 6.20455 22.1617
5.72229 2.12208 16.3004
-0.405569 -1.68561 19.875
-6.37139 27.0164 66.2629
-2.97345 5.93896 19.7122
5.69407 -0.427619 17.7246
54.896 4.76036 18.8146
-12.3891 2.07554 23.0599
-0.0783002 -1.63427 19.482
42.7248 7.18137 22.3864
1.21413 -1.7516 10.7862
-1.35297 7.11535 56.4335
5.99915 -0.442983 17.7953
51.4574 5.44331 20.3694
5.14629 0.726636 14.585
-3.33334 -1.70544 20.9012
47.3247 4.08062 18.8392
-5.17589 3.95333 21.169
61.5006 3.47834 16.6288
-6.56668 27.4542 68.0316
-9.94951 -2.56586 18.6913
-5.44593 0.536866 55.947
-2.0815 0.662575 57.0554
5.24512 -0.444839 19.5256
-5.17756 -0.33361 49.0318
-0.132936 -2.05255 11.3178
63.2082 3.13363 16.2879
-3.04535 0.723466 52.8303
51.3454 2.67654 18.2668
5.93774 1.84158 16.0948
100.612 26.0146 25.8734
-1.48723 -1.17838 20.6498
-1.57161 -1.40865 19.6709
59.6711 4.92676 19.9015
-2.41435 -1.21026 18.1939
-0.17698 -1.61003 19.5913
-7.42191 20.885 59.27
-9.82523 -2.52547 18.6842
-3.60632 7.05622 19.8642
4.01877 5.82191 24.1609
100.435 21.4014 19.8654
5.77227 1.62807 15.7515
-2.56287 -1.06545 26.3779
-2.97417 5.94676 19.716
-3.88591 1.12853 26.5559
51.6152 3.22802 19.5524
-8.68897 0.31443 48.0667
0.0125971 -0.993858 18.781
-9.34091 5.15194 45.8938
58.4298 4.76028 16.1858
58.6717 3.43176 16.3014
-5.08247 3.96276 21.0592
49.2369 3.10872 16.8078
60.1689 3.1 15.6884
-4.82295 2.37453 21.1295
90.4829 21.8863 18.4296
0.268756 -1.00768 19.0346
59.076 5.03663 19.5543
6.53988 1.30667 14.5829
-9.03095 0.271938 45.2411
70.935 5.51174 16.9336
61.3956 4.86466 15.2984
-5.12642 3.86438 21.1326
57.9762 3.08025 15.3786
51.8091 2.86203 20.006
-2.49471 0.182691 56.8738
-4.80078 0.764613 59.0779
5.73502 1.84141 16.0561
-3.6017 0.721758 60.8876
5.39156 1.17803 15.0257
6.23466 1.65828 15.9598
13.638 11.2412 77.1769
49.0225 3.96759 16.4188
7.80857 2.2599 16.4476
-4.12124 -0.0737127 50.5149
57.6523 4.67482 15.4495
-10.192 -0.897946 47.862
-1.90455 -0.130281 19.7686
-3.94196 -0.197863 50.3379
-7.37838 6.14009 52.5526
4.6125 1.1885 14.4021
-7.33012 21.1799 59.9866
58.8927 3.05754 15.6568
4.91115 -0.941809 19.256
-0.921099 -1.46285 18.9204
58.4599 3.41042 14.2049
0.0327443 -1.76033 11.3257
-12.9209 3.76731 36.3758
60.5242 4.82117 14.9607
5.74811 1.23292 15.2507
58.0845 3.4513 14.159
4.79646 1.48977 18.9252
85.4122 22.6876 13.8458
57.2897 3.47226 16.1386
73.9074 5.77155 13.2496
0.0923545 -1.70633 19.3732
0.387585 -1.66308 19.1299
-4.54134 0.367375 42.6875
43.1196 4.6078 18.3512
49.267 3.03939 15.0484
-3.84355 0.42006 26.4741
59.9295 3.71739 16.8316
4.77807 0.519876 14.2677
-6.16021 -0.0691256 47.2466
1.65705 -1.8731 10.9084
53.6558 4.68422 18.5025
-3.73953 6.89314 20.1022
4.64361 1.48552 18.8507
101.241 24.7544 15.1456
-4.85377 2.82992 21.0867
-3.66863 -1.66575 20.7888
4.80308 -1.20717 19.2528
94.5611 21.6823 14.5505
0.453566 -1.7903 11.4391
-5.46029 -0.00207373 55.5276
4.99167 -0.41704 18.8886
-1.87502 6.78535 54.5141
-2.5275 6.90765 56.2812
5.01298 2.1916 19.2123
-4.7891 2.4056 21.1272
-13.0195 -2.04875 23.0438
-5.03742 3.96101 21.0865
-1.89431 -0.534581 19.7786
49.1272 8.25687 20.4162
-4.14901 2.20461 26.1774
5.72571 -0.329267 21.6023
-6.43277 1.06602 26.6409
64.7573 5.01036 13.3305
-8.88561 -2.45877 18.561
-1.73029 -1.62139 19.6268
6.43764 1.57536 18.0912
102 25.5893 25.1987
-4.65183 0.729183 51.9251
90.4949 24.488 24.3611
-3.33138 0.720295 51.7179
-4.94558 -0.00213002 52.932
46.6481 4.95188 19.1218
-7.97836 0.498435 47.8443
-2.6261 6.90635 56.5736
2.29967 -0.651326 13.1548
-0.0695022 -2.06597 11.3469
-0.546447 1.12379 58.1539
-2.03643 0.93457 56.699
-4.73646 2.77884 20.9518
-4.48285 0.168765 49.9541
86.5458 17.3911 14.7028
87.4637 23.1007 23.9051
-1.64946 -1.57046 19.7769
85.6114 22.6782 23.595
158.455 36.4763 34.2438
-1.688 6.5551 54.7972
88.2041 23.2048 14.1415
-5.04208 -0.0580019 52.349
-4.93905 -0.381501 50.3461
-4.15248 1.80238 20.8578
5.83648 1.42479 15.4078
-5.42374 0.526867 55.8055
-4.77278 2.39845 21.1862
87.8837 21.7669 14.0731
5.18347 -1.83544 12.936
-2.66436 0.849608 50.6867
-5.12585 -0.408648 49.6503
-6.11185 15.6818 63.6128
6.2811 1.85233 16.1667
5.0374 -0.450493 19.3819
26.1987 -0.373118 8.36368
-4.37914 1.12241 26.0789
86.909 18.9245 14.6219
5.96028 1.81017 16.0422
101.851 24.7801 15.0417
25.9694 -0.338184 8.35569
57.9593 4.57125 14.7983
5.31471 5.28066 24.2887
3.99356 2.42903 18.4464
6.00406 2.0308 16.5344
-1.76075 -1.22999 19.7619
41.2731 28.4072 150.397
-4.16133 1.64493 20.8198
4.71311 1.49457 18.8927
4.76222 4.65268 23.3007
-4.826 2.77208 20.7978
-1.60365 -1.40242 19.6462
6.99757 -0.212291 22.3841
-3.38213 5.4505 19.9436
100.408 22.8375 14.835
5.05693 1.74789 15.7463
4.44135 4.38911 23.396
-0.224171 1.22266 58.8693
0.162791 -1.4332 11.1945
-3.35492 5.58153 19.9558
-5.14331 3.83234 21.103
-12.7146 -2.34001 26.3081
5.91866 -0.483981 16.9478
-3.34376 5.60636 19.9724
4.98985 1.10375 14.9335
-6.14497 6.43702 54.4312
-1.95445 -1.01844 19.9298
-3.69518 0.0338506 56.1612
0.0208682 -1.66951 19.327
4.14054 -0.587499 14.1167
4.71605 2.14779 18.9214
-1.74682 -1.69989 19.3797
5.43378 -1.6818 19.4547
94.0325 20.49 19.1408
0.0788806 -1.77089 11.2903
-4.10624 1.03958 26.2555
6.56218 -0.307975 22.2601
-2.21027 0.893637 19.7493
113.011 25.4594 15.5501
-5.23246 3.91053 21.0994
-4.86693 2.79258 21.1235
-1.84058 -0.52715 19.7762
4.68447 4.41976 23.4678
-4.23333 1.79253 20.7932
0.561093 1.47612 61.6599
4.30142 5.12809 23.3723
60.2998 3.64511 14.2913
-5.04774 3.96422 21.0876
91.5126 23.9644 24.4246
-4.08124 0.638006 51.1999
89.5597 21.8261 14.6458
-3.21806 5.80778 19.6731
75.9445 16.7946 13.94
67.5943 5.15631 13.4846
-1.94311 -1.05683 20.1393
64.3906 6.0044 11.7367
6.24473 1.44765 15.5062
61.8835 4.995 12.3983
-4.8266 -0.397664 50.7579
5.99788 1.56314 18.7154
-1.16475 0.560905 55.9717
111.519 23.7745 21.0747
4.61941 -0.416314 20.9733
-4.89618 4.06826 21.3417
0.473754 -1.73693 11.2727
-1.76244 -0.78234 19.6898
5.14281 1.52153 19.0533
4.76869 1.0422 19.0333
-5.58117 2.93664 21.4225
-2.02273 -1.01993 20.0489
-0.361709 1.29797 58.0402
4.86183 5.12094 23.2564
4.80277 4.49067 23.5821
97.3586 25.1223 25.3382
5.4693 1.47676 17.6385
5.36923 -0.00352559 19.5163
60.4936 4.7294 14.2856
26.3856 9.29404 7.83964
-3.35773 6.8329 19.6902
-5.51849 2.95103 21.5153
-3.39596 5.56203 19.9184
77.0914 15.4758 13.8453
90.4743 22.3335 14.2826
-2.2389 0.881825 19.7674
4.76581 -0.424633 19.1723
-4.38647 1.29734 26.4527
-6.53301 1.07666 26.4252
5.66494 1.39948 15.4956
4.43433 4.96968 23.5658
4.59669 1.56303 19.014
83.1719 17.7635 14.4903
69.2727 3.79042 11.6101
1.64512 -2.08342 10.8408
4.71839 1.95282 19.1267
5.80151 1.59512 15.8607
58.1844 3.18825 12.265
61.536 5.80646 11.6326
5.29407 4.8154 23.6797
-1.35813 -1.57583 20.4129
-1.53689 -1.38374 19.6543
72.8519 5.4053 13.0308
-2.86552 0.975095 54.1585
-2.39087 0.434849 26.4774
84.6546 4.52761 13.7293
4.74078 2.47966 18.8102
-1.5101 1.24651 54.2294
7.36965 2.2555 16.9359
7.10459 -0.614135 22.2427
66.3518 14.5291 16.7743
95.4058 20.819 21.676
4.86508 -0.443268 19.2639
-1.76755 -0.148113 19.6457
-4.26547 1.45485 26.4785
-2.12362 -1.03398 19.9554
-1.90341 -1.49083 19.6666
59.5415 3.36058 11.1996
85.8804 22.6253 13.967
105.668 21.854 15.9684
-5.54875 2.93391 21.4475
5.7661 1.5946 15.9727
-2.80152 0.345337 25.7994
3.22833 0.32823 12.534
0.824893 8.23171 63.9249
5.39671 -0.438261 19.1185
-4.41989 1.31526 26.4205
6.68985 -0.875424 17.5458
77.5011 18.2551 13.6569
-5.29431 -0.426334 49.4964
4.27591 6.90859 22.8709
-0.997818 -2.12046 12.0001
4.37238 4.37889 23.236
0.0933884 -1.43875 11.1979
91.6527 22.56 14.3544
67.3808 3.62451 11.5904
52.876 4.3272 14.9308
-3.51925 1.18311 20.3255
-3.43699 1.20062 20.3923
-10.0403 -2.52856 18.5606
1.61953 1.05736 56.0534
-3.26735 -0.282646 52.6532
4.1121 0.00987551 18.8248
79.033 4.55318 11.5897
78.1726 19.3367 21.4755
-2.98722 -2.04148 19.1072
-1.25904 -2.09116 11.9443
4.51137 2.53339 23.4175
5.06563 4.7472 23.5318
84.9492 22.4457 23.3752
68.009 5.21147 13.7002
-1.62927 -1.59503 19.489
45.049 11.4979 7.15411
-1.96715 -0.557589 19.704
5.7262 1.17633 15.1824
81.1423 20.9517 22.034
5.63522 -1.71185 19.4545
5.66868 -0.819613 17.9138
4.19381 5.05299 23.6171
-3.2844 5.47872 20.013
5.94262 -0.469868 17.0849
-2.02062 -1.09216 20.0564
0.153763 -1.69471 11.1965
86.6479 21.1821 14.6546
-1.96119 -0.566246 19.7372
-4.89796 2.84472 21.0487
6.0565 -0.664391 17.2128
-4.1599 1.05845 26.4639
4.74135 4.47166 23.5889
-1.65489 -1.31382 19.6003
80.0624 5.44074 10.477
88.5311 20.3318 14.964
28.8157 17.0935 107.453
-0.844266 -1.47959 20.2716
-1.56237 0.00823889 20.9004
4.59597 0.0593868 19.1264
-4.82272 2.84213 21.1171
-4.997 -0.360664 50.2201
92.5203 22.2599 24.0557
4.74113 1.47692 18.9375
-5.1458 3.83229 21.1192
4.65155 -0.0816538 19.1311
-5.58826 2.93924 21.4149
0.037522 -1.61366 11.1966
4.40745 4.53098 23.4427
-2.15011 7.17349 18.9835
5.89467 -0.64066 17.9279
-5.54963 2.93786 21.4329
-3.14816 5.85741 19.7419
69.3541 3.59723 12.7768
-4.20075 1.70559 26.4714
89.0071 23.4883 13.9543
81.6184 10.0822 -1.09046
-4.19468 1.78613 20.8588
5.67199 1.82804 15.9584
5.0618 0.679336 14.5783
3.67452 5.09432 23.4099
82.7079 20.6209 13.8832
-4.07491 2.01444 21.0201
27.0025 -0.242659 8.27803
87.2386 8.0507 -1.4914
5.61393 0.595241 18.3143
-6.00376 0.368835 47.1429
6.27583 -1.21194 19.9865
62.3491 4.76937 12.4591
4.92532 2.50923 18.9605
-4.43082 2.9289 20.9922
0.332563 1.10707 60.5837
64.0745 6.93641 9.76282
-4.75667 2.8049 20.9903
-1.02998 0.153297 19.0431
-1.77547 -1.54691 20.0541
86.5766 7.97376 -1.43982
1.47515 0.288543 53.6555
4.40981 3.23135 19.0936
95.5019 7.81087 -7.89683
67.932 5.19068 13.4213
-1.76705 -0.843517 19.6751
4.20317 5.05655 23.6496
85.8893 10.5724 -1.55142
-4.31638 1.45084 26.4048
67.3338 5.37311 12.6178
-0.919807 8.65534 18.2964
63.0512 4.94364 13.3586
4.19086 -1.12458 18.9718
-0.640725 -1.48864 25.4091
-1.5619 -1.53441 19.8281
71.1981 5.40305 12.8964
57.6709 12.9159 15.9783
-11.1066 -1.86937 18.7644
5.8504 1.42299 15.5809
-0.91988 8.65476 18.307
86.9755 22.9348 23.5097
-1.75754 -1.49835 19.7863
4.23029 0.10818 13.9122
68.6361 12.4655 1.55451
-4.12177 2.1289 26.292
-2.49706 -0.0438014 26.038
-4.19414 1.88845 20.9018
4.82745 4.47918 23.5711
3.50529 4.81441 22.9421
-3.9889 1.05054 26.4442
-4.08494 2.20132 26.3976
66.92 3.57232 11.5471
-1.11014 -2.12294 11.9913
103.157 15.7316 -9.68575
87.6425 8.04435 -1.57094
-1.88983 -0.570922 19.7278
5.19385 4.77468 23.5834
-4.15672 2.37534 26.4611
0.379078 1.23911 60.4458
-2.21461 -0.190949 19.556
176.681 34.875 19.1882
85.7788 18.7067 -4.46937
39.5954 21.2376 127.857
93.6987 34.4192 180.695
81.5345 10.0181 -0.312017
78.7814 21.1512 23.0462
-1.02446 -2.04191 12.012
-2.30589 0.30735 26.3861
99.7714 7.21287 -8.55461
115.484 25.3657 -12.1407
4.87344 1.9073 19.2057
-1.72972 -0.167624 19.6753
88.6828 8.60618 -3.98018
4.57522 4.98792 23.5809
72.1109 5.65296 12.7445
4.65887 -0.427834 19.1297
95.111 23.361 14.3768
4.65553 3.04438 19.0156
3.32241 0.430104 55.4239
108.064 22.4549 -10.8935
81.9033 21.9307 23.117
-5.59907 2.57259 21.7171
105.848 25.5047 14.7547
1.24617 -1.07067 13.6368
-3.81427 0.713793 20.7702
-2.56263 -1.49026 19.4399
55.88 11.5772 12.8366
-0.764175 -1.45463 20.1683
5.13803 2.53503 18.9564
7.21525 1.86748 16.3861
-2.12804 -1.06421 19.9678
59.3178 28.9801 168.786
141.111 7.25014 -15.2105
4.71184 3.17379 18.9475
-1.03385 -2.13439 11.8394
-1.869 -0.556129 19.746
-3.79418 1.17331 26.5685
-1.94948 -0.659042 19.6703
-4.95025 2.79902 21.0565
100.268 14.8629 -5.89491
4.55571 0.522635 14.174
-3.89611 2.37294 26.4449
100.834 22.5639 14.9647
-2.80136 -0.394612 20.3904
0.848426 -1.48028 14.1411
-2.40283 0.838069 19.6837
86.5506 7.99447 -1.49528
4.14184 2.75254 18.8657
-1.78965 -0.111816 19.6513
57.0823 24.0403 114.934
-2.43398 0.0226346 22.2232
4.63947 1.82119 63.6334
-1.86379 -1.62866 19.847
0.413147 -1.93045 14.3494
-6.31564 3.27835 22.2834
3.85133 0.324417 13.9754
-2.33687 7.09046 19.0404
84.6623 17.3184 15.9797
102.484 22.1042 15.2635
-0.933453 8.66327 18.3293
-3.90643 2.21407 26.5443
-3.87445 0.52573 20.6972
5.92315 -0.701035 17.183
104.168 18.456 -16.1112
-1.00725 -2.1214 11.9828
-5.66432 2.5342 21.6512
4.48234 1.46864 18.7895
87.5055 10.554 -3.96311
-4.07632 1.85051 20.8925
5.23745 4.78884 23.5456
10.1673 5.46619 70.929
4.14765 4.91627 22.8816
4.67241 -0.445317 19.1658
5.93383 -0.497961 16.9946
79.2699 21.1348 22.7599
-3.48663 6.85492 19.7864
38.5025 18.2375 125.254
95.5222 18.8149 15.5943
4.82448 -0.831373 19.1245
-3.38614 6.81632 19.6622
93.0928 7.58508 -7.50435
-2.44437 -1.25503 19.6311
76.2276 6.7464 -3.83754
-3.29104 1.13159 20.4991
-6.5727 1.04661 26.398
59.6481 3.78786 9.01977
87.2277 5.93104 -12.1068
-0.225234 -1.61821 18.9996
-0.62934 -1.81924 20.0599
70.2954 14.164 13.6352
-10.919 -2.58207 18.8398
6.73165 -0.759717 13.6342
6.71855 10.1933 69.2252
57.3238 30.9715 112.099
60.1622 4.9326 12.3961
43.2671 21.3701 93.2986
-2.11988 -1.01591 19.7836
-2.21245 7.18745 19.0899
3.65943 0.109029 13.8309
119.677 15.9658 -21.7142
-2.33739 -1.09401 19.8441
2.17887 0.86228 53.1898
90.0694 8.6067 -4.30371
60.4287 13.0932 16.896
-0.463951 -2.13866 11.3873
-2.13469 -1.69586 19.5723
3.94152 4.96166 22.7975
-2.89493 -0.412412 20.1596
73.8644 5.10093 -3.82092
-1.78752 -2.2578 12.9005
89.6221 18.3585 17.8061
62.7822 10.1174 -0.828725
54.9362 5.32451 11.679
2.6149 0.830701 56.4318
